100
95563 90636
70798 76779
96526 56421
83412 91742
12108 39810
39770 91317
48920 59806
29691 3275
3316 30067
28332 29282
65967 37746
82879 24220
56227 55660
74098 70112
23384 46567
58930 18947
37203 29728
95727 50081
2502 95491
41823 14610
35301 81594
22279 573
41400 51970
3848 61068
98390 48533
90350 64357
86279 73230
4929 58858
45242 95379
45322 68626
41947 4252
87574 95502
50333 99653
45584 69187
95144 3759
83797 46798
1705 22428
47371 59458
90750 67572
20526 89140
16105 10877
69849 18736
459 74778
93946 45701
70158 39268
14327 28457
59873 18253
23959 26558
34258 85895
95745 45755
6007 95894
92553 7712
34674 39924
67170 25424
7496 4049
14565 39953
31278 84414
75041 48089
75545 68987
93790 62055
24608 24469
90512 833
59075 30823
43743 93333
33071 55840
55440 39078
68086 47993
63142 2760
87918 46665
28184 11766
50714 59101
51720 81992
59868 43113
30081 51765
12101 40223
13820 53061
81044 20684
53894 56471
67859 97637
66157 930
69829 21597
56360 37915
69591 19503
40675 73861
82520 85211
1979 33234
44313 53699
31578 20533
13165 78011
72298 25266
34586 2470
78327 31982
23154 48573
88454 91013
62562 54611
8296 32391
92560 64656
70306 62151
511 27333
52364 99383
