1000
75597 81816
86300 30471
18488 86386
53121 82765
91480 41595
43273 84147
61613 35594
94259 4626
54665 4840
66671 73100
98498 71009
16211 59065
92352 26896
80982 70513
98536 92669
80653 90485
90837 66953
20957 9326
53340 90430
92091 61172
32025 51717
61671 93638
3663 55931
98264 58329
60771 81288
47781 75621
68649 63993
51039 61002
90889 32021
47867 5777
24690 28520
96263 15528
95473 33572
24854 65165
24002 33297
26338 56027
1366 4361
66017 5030
60292 80633
79711 37416
78273 27492
29389 46923
91485 80428
24277 98727
28802 72144
4504 69844
17016 767
85372 12489
34339 26578
94007 74693
76228 20345
30720 93946
41058 96737
15328 1351
93723 11391
38767 71996
38884 84508
35271 46721
64937 75900
45448 93739
48044 66305
63583 81412
83424 65308
10254 34116
8238 4261
8809 818
40958 39530
11117 82016
52619 42797
83367 46342
54189 38486
18339 93073
22995 53610
39794 4284
29511 1595
14375 93907
84252 94310
75320 67676
59618 85574
1792 84209
6187 10602
1379 47145
66484 12496
29161 35455
55294 28881
81798 9483
83719 16489
18908 6714
70099 75054
27350 15962
93001 41725
26222 77253
36036 17894
44930 12006
19820 63074
96215 26007
90028 97595
89504 56512
26443 18665
91968 81737
63898 90118
7572 47618
6607 26480
70684 93058
1535 98035
25373 10888
39760 51595
88142 75796
85841 33072
87803 5661
96146 370
31668 2527
97965 21172
59039 24409
56189 67359
22498 20088
73829 30071
84058 96788
72903 54742
6199 90790
52777 31572
1679 92538
99519 89821
84686 85360
39245 88841
91021 51743
89212 39041
54270 3529
76565 29662
44290 49106
13373 66789
85546 87203
13212 69604
83991 86115
24347 6542
93258 93476
38114 94937
2366 53985
1110 87053
55697 40355
92246 63070
8450 81458
2111 62721
1340 95028
92383 45630
44135 5756
28771 46033
9311 41983
15638 9655
44451 56337
16197 37709
66165 70664
48998 68532
24649 66460
71937 80347
23167 64183
43417 31617
61994 61881
94338 63334
73261 3073
8964 33748
25182 37736
79782 34493
96071 11772
44148 40522
68109 60346
94583 34274
31010 43581
19158 72011
26393 91095
68710 49560
71631 28480
81178 33625
90361 75516
13311 79974
94942 22275
13723 20124
76363 93505
54617 88787
21629 15118
29309 89738
91816 40245
40364 39178
178 75875
11189 26572
66970 96252
76132 54953
24732 57310
88578 31445
49179 1889
11419 44121
40517 25142
64245 33232
34999 35214
22019 56628
50332 67681
62718 58500
7926 19435
97678 8104
95310 8868
34676 78632
5120 10809
33586 46204
84471 38516
77649 33650
56758 89068
94123 13627
30563 74720
46859 81914
9935 85231
54895 76619
69264 33965
35120 77190
53400 32798
1646 65062
58018 52675
60047 79490
79836 9985
25694 64307
64853 3343
14310 21611
8764 8433
35238 39327
83154 98450
21241 93089
33 92488
86060 69297
26454 37532
62839 96206
70331 64485
61269 44701
33512 37668
24192 13348
47653 49886
94008 12506
69582 8318
50470 78346
16751 2060
17673 99905
16862 55266
9346 16895
47755 11759
2544 90561
49291 81735
86767 19622
46221 64388
80676 96085
2056 4868
9434 66061
71106 3442
94920 40688
28112 61742
19034 44863
80154 53059
61121 97017
8326 70467
30264 72433
82226 49161
79346 47870
30896 66113
67492 93469
46854 48168
89555 65262
69388 15341
47676 40495
35135 42596
97535 63247
20690 16570
8110 844
69629 85583
14213 94307
72403 44478
83092 70981
93639 62438
18851 24535
44904 2696
18005 91758
67216 23912
57020 36605
39253 4696
93452 74388
63644 90987
37635 84334
7557 62097
1531 93539
47681 15744
4198 20084
76574 87291
91065 70213
66081 9917
11101 10985
12613 45458
2743 96181
69370 76116
32786 8623
80812 26238
99363 60809
33578 36998
45143 41135
15447 63026
51026 63128
78771 55225
99564 55345
58868 6982
41911 24949
33251 53012
52287 62216
14822 55030
58397 84192
31146 91184
9167 28311
33774 8530
89120 67352
45528 50615
24840 60975
13642 75866
40456 8765
47443 56372
80462 6311
63354 38725
47613 96605
8089 99900
58821 22911
71282 17219
7103 2429
24755 32622
47092 58529
41152 52564
42234 3032
3179 67074
80360 33173
59292 20816
58290 6736
93540 55105
29399 56895
93830 77012
53500 1920
76912 28674
41183 64547
45893 48287
66976 70648
97261 30420
45529 38414
82984 87763
41446 2515
71189 38158
52041 30482
75326 26683
37218 68867
81788 82969
25762 75619
59982 95614
93891 53246
24288 35074
17793 70181
99713 1121
57181 96975
47893 19063
51741 30877
6826 9539
49745 78016
47698 1786
24850 23024
28469 62068
91891 26610
61389 34005
18581 21371
29620 12472
90970 53908
63898 25115
40442 79964
42589 13975
76939 90482
33038 45032
37712 56217
54571 3809
34233 2269
5595 59083
25294 50416
37503 33537
93378 98892
67543 11959
36616 97163
40783 43938
51071 4682
85405 7865
84646 27994
21841 77937
34829 54879
22969 72541
27448 77540
76350 61681
79810 98297
37116 21456
65065 90971
54993 58444
6216 22536
70403 59184
19699 11187
3122 87123
32221 4879
94988 33219
32874 33181
11156 84055
4413 50477
56596 31861
44369 49298
9895 40531
63947 47011
61987 45364
54335 33333
3808 60551
55869 90564
19735 91921
18103 39209
79044 50324
44088 90384
99895 93314
39918 27403
77369 44331
77880 50317
92544 22249
99615 2439
79133 79914
65803 41120
25279 36490
74453 45439
97041 46675
36003 33128
38596 70458
72337 33992
20782 16425
24376 20677
9740 80646
48080 3461
41329 42312
53779 33874
80914 69746
52665 60047
49661 34820
17519 91292
71310 91973
36731 68351
55000 89087
1479 93596
59545 90168
27588 96680
6594 68316
33709 32686
48963 98142
36147 90292
40454 89926
40518 21368
76025 93184
97767 25686
28004 15287
33330 15667
23612 70061
84018 78612
75500 1850
88560 51398
92018 16148
48078 14964
816 81787
64002 49779
79929 16502
56424 36736
22780 13294
74456 98805
6478 72224
40843 50835
3863 74173
66502 27475
60587 66872
22439 36087
85074 10999
87485 77093
43499 51915
8409 44315
50055 88764
10447 29984
5266 66871
83072 28046
96517 57529
26852 2996
29753 84047
70183 33616
58221 53037
77443 18808
36261 99882
71247 21336
27233 75085
14781 70732
27000 39542
15047 77055
28306 41846
23392 33572
25069 6464
77971 21587
63993 21175
40935 10098
5222 11118
60066 63443
80507 53861
98603 33120
70095 69851
54456 97328
44936 85589
84412 88288
25132 15812
81696 53438
57658 5088
3363 82728
27904 81334
4315 8250
2509 61602
18348 24083
89072 94767
3879 69579
48628 2482
2699 18724
88685 73508
32404 49973
59097 16817
38262 581
48981 19958
54020 6639
41398 73735
5719 69302
55069 26386
77552 73930
87988 12253
14365 77060
7020 18244
62991 72000
20727 82043
7076 9412
55551 39481
59386 31000
72650 14000
31582 37983
50310 1954
44622 91708
75689 66694
77362 47110
93080 71267
21040 81069
83520 35405
74481 6892
53650 37473
95244 90729
19516 2321
16493 91419
58154 75879
22419 47156
6231 54001
85139 56541
55955 29761
64601 47996
12807 58316
95106 5888
45935 16146
3309 45807
67904 94142
52699 37906
47967 47943
44987 67483
66616 61480
75254 24770
53712 14026
71926 59943
68027 57065
32837 40335
3179 13790
88331 15986
88458 83438
21874 34393
15936 41535
80200 192
35678 32899
54450 83645
97195 99437
67481 63811
60918 59087
88582 14630
73113 60508
90925 41141
33926 23762
97828 37105
53905 2511
53091 42363
2301 91318
76757 18238
49205 56957
34782 84883
6209 89233
84881 3404
88670 68714
83567 49588
27801 72149
80570 915
49010 71496
58408 99288
11610 56236
36393 65515
75099 5836
7879 77401
97154 84636
11991 62712
57945 46773
47595 64154
36006 48828
67558 41029
17542 51126
6969 61696
39627 87540
62611 4989
75388 21019
4277 86998
93607 57022
52514 68706
62859 76745
46107 76365
61381 58098
39077 19326
21224 3025
99833 73582
51853 67391
14611 85748
34869 21581
47444 90849
25473 26407
12190 861
47426 16468
4211 57385
73490 56725
26091 52701
49822 88551
29067 27555
63001 68144
63234 577
87521 63067
74160 55727
30458 88771
41475 81680
26704 5271
88881 68529
31678 1071
85742 95456
33891 89954
52841 7382
63031 95284
76435 12854
187 5502
40409 79541
89999 3643
80118 77520
66710 70630
33247 13521
75754 91074
11553 2458
96345 434
87340 44375
1505 73082
39831 35397
63036 92672
59131 42420
4309 35566
71626 4496
57421 12035
389 47420
32031 80508
41292 15093
67490 74540
28614 43244
81966 56519
45703 78312
56953 49395
22687 74811
22477 78871
26560 1866
87895 85691
60638 92204
37609 32264
13053 95030
44299 13442
58802 92682
10302 95
7776 77793
90987 52742
21037 72953
9262 83092
67617 82567
48839 90305
57378 71317
69176 290
89535 57071
85981 50173
65628 39943
82437 95033
34973 43088
8475 10128
52123 35130
10223 59899
29275 17562
28993 66664
90515 54607
49757 58133
37175 14948
64790 10905
86265 50318
11196 92152
23741 13529
58677 89369
53472 57466
84402 4798
555 9230
14926 52678
60712 41501
28929 89987
59063 57922
56651 49578
12530 22760
24063 66057
37709 88853
76962 40326
39171 4510
48831 79265
18040 7508
84986 87864
64975 69389
92662 81882
94971 23940
50912 55683
65441 96193
62022 24504
54115 35025
90435 82997
74138 14498
65406 28199
19704 58721
68525 58875
63231 33708
54492 97623
57569 39479
85488 38896
25220 94502
37130 20191
18443 88042
92226 83884
587 54248
8389 54702
5625 15176
54052 79763
29674 19458
7962 49378
78179 92840
24606 57763
42900 79098
55386 469
18577 57226
39365 43797
51729 76495
80340 70172
80889 72566
70408 81476
43166 95149
52531 65144
10325 22935
44907 40000
58745 69222
5730 36925
62062 46688
11040 21314
42139 82778
21784 60716
40005 77501
20866 91734
70349 17558
78258 51238
6477 48666
49067 65995
43816 17950
31139 70493
40885 92399
26845 15982
61621 32576
69259 40035
95616 80299
61349 37755
63078 83133
14824 3083
76987 52042
11169 47336
69600 5779
14926 76077
70797 63993
42073 30965
98295 89564
1459 55532
81963 28304
71515 43584
77232 40774
99971 72849
21074 61321
26956 84152
60806 41780
3587 37793
93822 31108
85129 63423
36887 56
55852 7684
80401 14277
38650 78697
3842 40109
34229 85805
84765 5744
45742 78350
62871 45713
51199 83945
23386 94507
84449 545
36288 4388
38338 30110
35496 39820
9885 88735
56228 65738
96419 52981
96367 51421
31678 209
7882 82260
2367 92648
4356 48109
70998 67227
10174 38549
67524 49913
33056 51973
50458 85696
56361 5148
32159 8209
61320 42044
96944 17548
24134 93364
70530 20502
61137 18560
37063 69020
17172 39430
78020 37881
3891 65370
5108 14066
3919 72633
63979 53327
40958 30789
55376 13672
35937 87535
21881 97258
29579 35178
14806 70066
44894 1688
90568 6031
36601 43983
75051 70125
83414 53071
8006 87305
18441 29467
17723 38712
18452 98054
8392 75762
28843 63768
89434 64781
51303 27668
62039 97234
62846 93197
67300 7740
11238 74220
30123 64191
18204 5175
50668 1618
74598 58675
5275 9392
4494 22999
64456 22946
21053 72848
98708 66249
52968 4495
31030 4271
32163 9421
17858 11361
2618 85158
35453 30208
75731 65576
94399 93935
70751 45068
11905 61702
20095 17180
71094 24589
56531 35550
63887 93937
24751 78947
60186 77719
99794 7568
98343 48309
16989 16201
59670 35959
17711 95123
66168 93442
60700 76919
3729 47803
21987 15634
9505 58434
49167 96951
99375 22050
32502 79614
15987 57253
74914 92525
51324 74708
93 49667
23018 33434
82220 82688
69394 99932
94164 35562
9726 54864
28833 13456
2667 67173
29090 28525
25607 94609
25476 41335
16660 57978
20949 48999
31583 95863
57877 99260
86924 74322
65279 9942
7757 47500
8982 77151
63784 3146
29065 89862
58010 57898
3318 77030
41423 48761
5555 67031
43370 47383
24718 76382
5362 45667
25382 53297
57883 83259
68909 44807
57581 34189
54749 81690
81689 63731
58841 61825
83230 4258
51687 41240
78509 71358
34622 19932
20119 56529
3315 79841
3913 28033
56224 25627
90053 97958
95276 47936
97569 64186
9095 55150
98375 80196
36841 96416
43927 12034
74593 43509
32645 26280
1102 27506
97638 35724
63790 34109
92254 67106
30303 12519
11491 86527
38146 1544
837 49774
65832 98406
13960 74927
69908 28687
55123 23101
25103 15403
35136 99696
58912 84133
42329 60014
11639 56319
12091 75429
6781 20697
58887 37084
33216 70379
39963 87714
88275 40800
37488 70460
55558 67801
45387 25466
96488 16863
48568 21592
48618 56
37640 23882
84189 96321
249 12180
