2000
7337 87392
73540 88296
45477 10985
85273 74910
65296 96779
82976 31310
79348 12607
13991 63147
25338 85840
92551 87757
26307 74763
76821 35556
44071 33787
19122 92175
44656 65580
29432 68345
52973 19324
72994 98450
30309 58267
73360 95606
71398 72688
43268 50747
1647 57259
30246 26986
59452 22797
31095 85759
13912 24268
21316 74335
74407 56790
66510 19064
22370 12295
3761 75343
31619 76755
73793 78281
35023 63505
73887 22773
52546 33507
89872 54193
7118 20118
81179 66570
59267 28626
52330 89532
52895 89998
63867 27302
63140 46730
62718 85510
59025 66480
77206 6996
59587 67351
85277 10962
30857 75516
33736 99755
25375 23608
53948 32494
60079 35128
15416 19346
80106 84098
8878 33001
74096 89098
76656 53588
35828 39374
39099 94853
22206 32657
18201 98146
8 19831
9108 47217
11699 42844
46972 37075
82805 921
85921 42884
52401 1337
78582 32507
85436 87461
81861 75884
92911 58517
29473 28739
14243 84924
39944 52802
33933 58145
50948 33941
94328 60056
97511 6028
19253 60835
59455 2058
61756 61728
44942 30509
63065 23524
79369 64853
27337 77582
57090 20248
52451 2915
65339 66694
4191 5283
35848 38124
79781 3148
88417 74109
79557 85928
96489 98810
63116 55944
17220 41224
17672 78514
71734 97090
18390 67455
78295 45728
45037 51737
82328 97488
54652 47668
80534 75195
69303 32735
13319 49084
35883 18089
23194 15440
20369 19683
30602 83485
91980 47822
24710 26004
42688 96444
39446 61079
80251 34094
6807 41640
85831 5487
39128 56836
69507 36014
32031 38811
68749 45351
87895 20985
63440 27441
52777 83809
47125 83380
83647 55457
47554 8357
81461 90243
21153 37260
51322 1404
71354 74481
43044 57185
96320 98524
30373 65828
34538 62405
20991 19640
24108 8886
40625 3900
36328 93402
4061 99805
93134 87708
55262 57041
96065 53075
47284 33570
90335 14958
34974 61689
5791 94370
35227 18463
92894 65600
84291 43785
44357 21634
63425 68465
30521 20402
88717 83201
30156 92779
83006 23291
96839 54620
96684 92905
7695 60320
26475 14383
75278 77802
92424 97421
72172 27651
15884 81419
9604 16528
41556 53961
38162 21333
38779 85035
41735 27496
84588 88243
36627 83946
27886 33467
38566 24570
42724 62614
84890 69199
93349 76520
63353 85773
73941 51878
13425 6178
49649 39381
39058 91205
93342 93572
12538 48473
94960 70625
75970 79548
58868 12597
63495 86755
46064 18413
11325 88788
97379 96216
74340 90728
89088 54045
76502 79382
5923 6279
85560 55572
45660 40970
63129 55354
34542 75667
3828 45854
46292 79798
25403 5161
8747 88898
8268 71164
23663 19593
59952 21043
32161 50644
11771 37602
4690 4625
16984 26965
10904 18896
98890 72916
59866 62019
28271 10760
37687 48451
56615 331
44601 98370
21844 53348
3620 30112
24512 27283
66058 817
64678 14571
67813 92802
52173 88855
97427 69157
15821 24684
88053 31063
97600 64271
93082 42223
91384 47121
7026 64351
47453 51627
62721 69297
4976 66341
99410 45840
9976 81820
46657 74655
96391 30823
67457 48565
19678 81236
34074 35499
5920 22128
66562 19873
2751 75997
78448 94135
23118 85475
74838 70571
37102 37559
56221 58430
20252 71983
4271 46581
53803 67280
37588 50194
98103 21397
98759 17782
2633 32834
69633 8554
71314 52548
44779 90417
28545 23227
905 68015
8702 75743
38587 62157
29655 94808
20587 49907
83143 41210
12840 36946
24843 50428
87140 22946
71825 2252
57080 90811
51438 43066
15717 39104
95614 60496
29521 40511
75 30426
8526 8778
6170 63465
87287 35825
74625 24226
2084 57768
65437 31277
94714 90280
81705 98207
29578 69883
459 3011
60694 68249
46077 76411
7353 58043
36907 36874
14906 36982
67301 39784
62112 89823
3250 65751
42000 94227
89978 60436
51996 55415
91713 63062
62047 73419
61269 91625
59654 78080
10988 20348
46329 57065
13111 70034
31460 66370
6909 46366
19704 90562
86151 98169
96737 5753
63920 38737
99980 53898
99173 51976
25665 7239
31391 4064
97010 92660
95690 56664
87093 6678
93364 49774
80096 6475
19809 11556
72845 26718
74275 92549
33632 60426
90718 30369
82531 54639
85458 82511
24889 84631
34488 66907
8222 82231
70971 5232
74891 83013
61896 78336
6044 55260
28111 86140
78087 47920
14048 50932
90990 4675
43482 24622
81453 50552
71343 63984
21543 56801
46496 62785
57784 97336
29692 66007
79567 17015
71239 70810
29 49488
49147 6073
21100 93610
8565 99188
57882 38965
50120 65224
59993 9954
6198 41446
76859 77541
5431 98402
34342 68279
77539 8478
65615 7231
74485 61534
24247 62077
32344 40628
27917 97843
63053 49017
7805 87970
48205 65687
43287 14678
47263 3280
40984 53461
44727 17843
31002 50158
32598 81696
18437 10137
90175 404
17369 81012
61938 57968
59441 10634
14948 87358
24830 78001
36376 32635
65971 933
14675 25610
31963 61938
28891 72948
15400 73618
90791 62754
40128 23389
44451 74917
33527 50978
75321 67248
31990 53611
41568 7784
80597 56516
95142 5427
34517 47870
54415 16840
65156 85442
42450 97119
63732 71341
70067 95484
61311 77211
58239 1439
600 19042
92708 50479
86372 84381
34079 18362
37992 75647
42498 34942
32163 37641
56721 83032
1863 27488
16224 67019
12930 58675
64139 93015
46368 34206
88499 24032
11417 63090
41823 28370
98484 34532
78849 84856
18913 12929
19571 73258
4928 62069
8200 37092
99710 64921
36476 1574
92410 52701
68593 21692
27728 49084
14707 74096
83291 19559
14480 11060
82649 56304
55782 81134
90836 50984
82342 9749
80265 1913
83007 85193
63983 7559
22285 63693
88833 75114
81619 97595
27815 66565
19287 55543
15649 50347
45991 15292
69906 60472
42705 52555
16776 98487
50041 23964
49471 32384
33713 29736
34297 33073
14930 14632
56984 53567
94678 45817
45033 76297
43412 72848
59214 79052
44743 74864
29399 90735
6508 99305
67559 49213
68212 687
64053 34606
24651 29876
66990 74716
59613 17639
7789 90895
32272 81126
60814 43302
26943 22200
19599 86708
95048 95166
65760 56144
70030 95159
63231 92890
10816 30790
58456 79028
47829 22509
29986 72480
52385 13328
47196 28350
30968 71338
35597 79592
52464 12764
22894 95759
34964 58845
82467 46364
54011 64579
2508 40393
76090 65739
49636 86906
12881 8092
82287 60710
46953 12273
49542 15690
25602 96739
44041 72922
84429 95990
68866 36893
25106 8112
49004 76422
83309 47824
39139 53673
12403 57999
10418 4846
23739 60054
8104 52972
68146 6743
30035 15099
19017 79577
30790 60971
92668 91183
50245 77097
3525 35463
30342 44984
59927 79347
21406 43236
43523 60545
96909 55926
18545 7328
77124 58636
83734 85229
27960 51881
91972 74347
83332 27341
53925 30474
4664 62945
21657 71261
40043 41535
6724 86737
86519 66651
82436 24277
26240 25959
1175 39501
98238 36072
46829 75362
11060 46916
76943 39020
98797 85268
13368 98481
12609 83645
28956 33626
46590 66965
4887 2985
8500 27964
89723 11371
94615 72159
35649 37207
14471 53176
76709 12709
89248 39890
4423 308
86806 81367
55680 85603
66635 85400
437 95596
85397 29393
29222 48340
12710 50462
51325 37563
78426 57400
48934 89393
45912 935
26601 60383
70463 3310
89444 59711
43200 93867
76371 30007
91586 48404
31962 58221
33804 32399
70170 35554
78144 15744
83894 90855
66206 51571
28418 44632
8972 93704
34026 54884
10992 76979
15267 81455
80289 21063
57519 39841
14930 33890
69848 6517
82294 18163
81090 32451
66914 51260
84357 61411
67005 68251
68618 49563
19822 13388
94196 45146
7092 44574
30 34436
21553 31649
15892 18194
52712 73411
58035 83995
23653 44236
90512 22300
78751 87954
54751 62017
55567 39108
23428 38924
23711 92046
88487 59885
5434 99035
5032 28879
43609 21414
63315 81514
53064 95559
16060 22128
68970 90448
6123 8976
51036 12987
31276 29787
942 2379
91804 56509
57839 15233
95433 81550
23631 272
57787 29066
99308 62819
57945 59269
84234 21260
57136 53650
16820 73196
75778 2142
63644 81902
11118 14680
11241 58746
60819 12183
61125 52624
85044 18964
84209 96829
16866 7840
97102 74654
53258 96410
37473 11203
72031 38059
48816 29167
91709 65636
2364 83840
84130 82360
82094 11601
13393 93335
70347 74212
21871 31473
43188 6915
50437 43749
3745 67304
51590 847
58310 21200
13609 95783
32404 1992
50195 81220
31160 58256
63208 33524
42096 47338
32236 40542
58939 45629
33878 45639
19842 72101
77112 63030
79016 43901
23132 82761
27557 91074
99960 85867
12274 29921
98003 44678
31914 48198
42250 63074
22806 21810
12950 64903
69149 61538
21797 44440
7168 72027
90079 27010
44128 83543
6392 23145
43797 29524
22258 71354
20598 38571
73574 49225
68492 71577
93903 16758
36127 52506
96184 58933
74316 25486
40188 59817
87025 61986
4258 94193
34013 10689
37555 78142
10585 60299
17639 54382
89824 39897
25736 26774
78468 15662
92351 63313
87239 2607
80071 39718
55113 76256
98652 45781
1742 55192
5599 5119
17178 26209
99312 67544
36898 36867
62038 63835
97167 79677
18217 3343
35926 60306
46469 30747
75968 38821
94060 79560
41428 90483
19278 12893
83091 34282
58674 1186
89475 64273
6305 23005
90482 21970
6901 43733
58837 68939
7568 72356
64968 42138
75699 17247
2444 38521
47994 94764
77342 58406
74324 35122
65241 9955
48015 48333
60589 6689
65871 66416
87315 72176
5774 94149
94146 12675
37882 69336
81615 61803
41692 62935
20293 33744
80182 22737
72265 28176
17501 65959
86582 8178
17433 51824
34485 65448
16509 11426
88489 82380
77843 92156
70908 83617
86306 81407
12644 40540
67095 94259
18695 8787
57195 38988
58883 37377
78077 47500
81906 11931
13459 84840
20109 47244
53016 70946
29044 69525
82372 33886
68257 76567
26042 55518
76536 12348
36925 89181
69241 20372
99792 87936
29159 73339
43277 4395
10717 21354
51895 8975
33285 81707
93815 69746
28951 63184
40692 57996
32709 39417
91882 17319
15984 34276
72837 8873
62977 26114
98054 32218
62838 97846
36506 8349
87538 96135
12744 14607
17490 80992
23582 67127
62699 33749
53226 8002
96933 93918
82350 45995
49687 90584
63314 82024
24861 52503
90897 4190
94969 5303
36408 57807
19501 89266
66156 7039
85402 78901
21646 19244
59893 45228
2723 38944
95330 55949
46946 92263
66220 45649
38258 15907
36233 1572
14283 77446
70427 21532
81636 65396
26835 34396
39555 46337
40015 5712
69728 25417
965 91375
61013 77210
52955 80088
16154 48285
36038 79452
56901 18610
41453 95159
50869 77687
13084 65153
71485 83511
86685 53122
65260 13521
3870 21167
76210 43885
26879 62290
85654 44196
70017 46667
21406 22973
43108 53912
87610 79146
49717 44511
97756 91170
56023 48625
85209 69107
30130 56695
68970 16816
26169 50582
46689 30039
71750 39251
73925 14981
1541 59579
75530 71559
22599 13288
10884 82059
67201 14846
61205 33270
75710 75313
24440 31733
40290 26002
17192 86773
82697 2514
3589 25218
69449 66630
55257 57551
22233 45534
88884 23774
21466 64414
11685 60417
77703 38921
42476 61256
53768 20033
94526 29478
11698 35318
77563 51988
77672 11107
55113 76721
13621 75054
1939 99422
41684 73549
56973 80269
19083 45858
4044 56901
26624 32081
17318 20679
71003 59794
81935 41123
96179 92813
70601 7877
44484 64516
76218 22156
75623 31331
98878 5596
6386 17169
5019 64422
90718 61992
44692 26154
24202 65088
83055 50827
97169 16726
71506 84524
92872 69794
25647 89052
78959 12600
96929 23443
77116 73147
61952 69091
20831 77182
74688 27217
94351 79707
91639 85070
58051 36331
27576 98606
1419 10631
65785 14941
43709 53643
99465 36582
23437 41465
41986 2397
54065 55267
42192 47534
28415 4144
16625 49246
97678 7665
92815 92030
87372 84454
93452 61776
37138 21028
60382 54909
48011 26167
86202 91721
79810 2020
44655 19600
43485 86641
38349 13902
41908 80541
77788 86675
1038 10766
52273 98716
18431 45088
90746 22156
45895 84198
83932 99385
21578 60666
70646 69590
3185 56849
61311 99347
75221 5966
18947 18706
8959 57296
48960 50867
54190 26749
53895 55228
53867 6168
70296 72298
67609 77395
94454 29856
77945 94738
29241 99524
55404 99887
69114 58589
73088 30425
57937 48309
52743 93236
83367 61702
50533 48680
28921 21075
91781 82816
92655 45648
5337 62951
17946 72946
40346 28753
2802 18292
23491 48395
34168 95248
64634 3282
70189 37723
33707 44478
2384 2802
54067 2104
64504 4600
67136 9777
42027 58917
92594 34682
4565 97931
97633 38863
87229 54332
83968 90031
88976 23812
54778 23144
19060 19412
26426 5601
57135 76485
66432 75872
79287 20499
94328 60143
41451 61464
69920 83478
20381 78866
18160 41298
93149 32145
96513 80378
86477 96834
86761 75453
20646 57891
14949 56058
77304 41375
78011 50791
17860 44443
26663 13499
64942 37343
89994 6393
98807 59915
6223 35540
55133 24383
93190 48283
72881 6056
45013 75710
2890 48127
51164 23536
6018 82465
95946 83322
23841 73957
34114 58053
18401 77129
87905 99695
14473 77899
22441 29632
54166 28664
65173 9300
69400 74715
57583 42281
80771 18948
17991 83661
67075 85507
7197 89446
67973 19495
89120 8166
93453 23234
82571 11854
16716 70476
27901 47541
48376 50342
77173 2542
79007 58698
28194 64759
33414 2129
7040 14185
21078 41383
97847 4505
43243 21396
93951 27568
40892 99424
52086 50697
22658 34657
78903 55726
5134 6804
3267 69862
57147 96793
88756 52506
55491 16951
17265 5257
35432 24305
35795 56510
82040 49994
77368 41635
71390 87671
69203 28634
87095 21289
79331 26106
72299 58234
81832 77433
65039 1452
63647 38538
98245 68755
91044 70088
2058 8309
75346 37491
48966 11141
94001 31006
77487 87721
72642 48877
75393 58197
93864 62488
95839 89547
88594 68138
64134 70427
61923 45525
88231 25570
84063 86476
10677 91459
56564 12736
99768 48262
66579 48734
75755 76932
96092 53242
64654 85086
18472 40047
59636 28688
18887 55475
18235 7482
23613 98721
94261 85536
44246 82492
27458 44661
85320 38135
36120 41884
67223 52240
6499 33802
974 98606
10735 13419
51849 75389
14857 86673
15436 74493
15361 34323
46320 49948
58157 69933
48670 68770
55469 9268
51262 99279
53930 36582
37415 90050
94819 4638
42291 17670
38441 59617
16276 65528
89388 68125
40917 20598
71150 72705
11443 86511
23380 57764
52812 81538
27697 1482
50308 99519
10750 17923
98798 64680
70857 52565
71083 65676
57204 29726
83346 11997
5695 15975
77525 95084
84100 34794
15682 71603
7499 27125
58114 30879
84889 10926
28769 28939
28760 95430
44810 55863
29705 43608
20543 562
96174 7978
82591 69730
37704 65937
98079 43400
98264 91956
54836 82365
26750 86870
70320 50601
13995 28434
97832 15237
55713 26602
60528 825
38384 5338
56688 68089
48946 93584
68651 61472
1562 51242
47554 55619
33532 45633
15371 31796
53941 70207
30513 80691
57077 833
31292 87424
45620 45477
19013 17685
72079 79541
34862 26815
84879 91551
94904 50178
85135 79907
11650 3049
47502 75557
58668 97386
37542 74039
45534 91484
44246 92400
72175 17675
9585 19820
5100 55205
65297 24113
89242 53728
3655 24105
80543 4886
32008 91799
55064 17143
88058 83067
36544 35560
58624 95213
32946 12518
85604 78481
4002 46203
87233 92530
63878 96818
28702 85330
68376 93999
9444 57618
64079 29451
98075 60974
50689 46435
69125 5754
63578 57183
5173 16475
92744 80149
11688 42042
92667 13644
36875 96670
59847 24108
5552 23726
20927 34254
25408 89303
44605 34852
63273 8684
80655 61349
86010 31345
7784 55135
53451 87715
12318 74976
20542 21414
71477 32230
63457 64144
62226 332
77166 22074
24441 82718
62152 61720
33324 87560
51023 77929
38765 14296
2965 19420
91997 88975
67117 16134
60462 36920
20201 89133
28248 40743
10547 99725
89325 74004
63870 51551
90689 57388
89977 31482
56459 52129
93202 89783
39690 44225
84065 78455
74873 87030
14227 83223
92358 97697
99357 52820
34617 35910
41953 62866
76653 68853
78943 82330
42857 59165
50233 49898
16554 40211
81380 89365
92340 90934
79148 48382
51511 63213
26837 26385
66596 57417
9608 58954
55114 25317
28126 89731
61227 70080
68949 54232
55285 47893
52914 14494
7058 3147
64393 39964
43358 62125
29329 52051
53060 24830
433 4571
4395 43623
47308 87343
1040 73268
46297 56154
98585 74424
62237 76164
60856 47539
46748 32493
95432 99662
46987 18842
19162 11380
75159 62520
73506 20840
30923 42918
62022 31357
47489 82770
74980 11150
70113 92372
84418 16411
48526 83004
7187 10763
75520 84395
58302 38621
16888 70086
38283 63875
5281 73797
91608 96792
52670 81466
33984 83593
24384 96007
31302 88225
78777 22634
99375 48890
15006 83794
81653 63532
83150 5192
90648 75022
89587 65302
13643 22827
51741 68279
3055 73374
42076 94663
70166 94746
92481 4150
94692 16865
157 25994
5090 95286
64981 20818
44177 79987
4612 42182
59872 4114
47375 66872
79136 53314
32174 92780
76142 83915
77411 95549
57289 19487
6564 43807
30586 99045
47958 25278
15910 64467
67624 37352
59754 32605
58170 20283
28945 79134
62465 5169
83248 26192
72041 78737
79507 4215
71517 72001
4483 65280
67550 78124
84767 90466
38284 31705
89511 2594
73335 5421
83413 57312
59125 43167
89917 33648
79802 35214
12782 58620
40383 12383
84812 12424
91120 80671
32992 78989
52672 53827
60621 36574
48303 45388
27040 2939
93446 16551
5533 66781
38324 88947
24093 13802
48466 30363
47450 44621
81929 76584
3241 22313
5319 4405
51089 12791
85077 84081
8132 54101
54260 68753
7028 18916
30494 50420
21855 40292
83324 27389
7073 38000
32688 47519
51802 81154
94234 15604
25775 76163
8541 45368
14828 30212
49774 65918
59356 51203
66351 67488
5304 36964
52594 28684
55880 99440
79105 77735
39732 62429
21476 63157
429 54164
27028 52232
35319 21262
84188 77446
13778 9081
22815 44958
39294 88941
27228 98650
40144 9932
82490 61800
46896 35084
90485 19128
34524 69590
13215 90608
48371 34692
53766 48800
5208 97146
17384 56879
18409 17925
34326 48539
27006 73493
9849 66300
62434 37078
81302 2578
47010 63793
80730 10258
15229 71215
29386 66106
57157 42601
56714 5528
93645 26832
70681 98854
23979 4417
72085 58740
22342 6411
23631 49349
96256 33480
32001 58690
86910 29656
77620 33920
93449 58351
60530 8678
29566 6268
74784 3076
65222 47851
24956 58867
74683 95637
74073 98662
16407 46159
57402 38749
68922 81033
4450 65179
14514 52804
40221 1424
82460 17842
51697 75909
76193 28579
939 5759
34848 92076
25187 70
39927 50144
75289 14610
62133 49363
13273 78540
11874 87027
17290 97148
68061 38092
78679 98927
90896 18901
16703 73356
36743 84752
65617 12936
13332 82909
35047 48180
74985 60235
64602 14912
10379 39891
29522 72512
5606 59147
67405 33832
46175 84695
47333 30588
39139 26012
29515 30036
61265 62570
19744 98008
47323 1714
27296 77007
84623 78696
25187 75960
38931 6141
90872 65662
62384 36746
54526 67991
12246 21931
18175 58421
22978 65508
5361 62118
7873 34876
8506 69138
13798 28250
67147 61121
46316 10795
38128 30939
89491 79667
23251 44774
85808 14123
10436 48193
67222 81315
32536 79468
3246 50711
54241 42577
32572 59602
4695 40445
10830 13201
9583 24628
57803 93082
2102 4120
3878 40230
51411 9721
36250 74663
54496 38410
5138 64932
2955 72360
62599 35491
68180 65846
2555 38773
8423 51479
14727 29470
91924 25557
59023 17859
66538 16826
10942 68640
20946 31172
25222 88710
40893 61472
63373 11741
99883 84863
76674 2838
73576 39273
54682 41756
21471 57237
80530 46246
8716 11609
92068 16992
37167 51091
34851 3705
67918 62145
88697 5216
9669 13919
10278 66915
75392 73651
78656 91627
58515 71682
94465 48443
27308 49147
90199 48779
22736 87081
11378 47804
98691 3446
64796 52210
70890 16000
72267 55160
94497 60964
60376 4167
91235 70655
71082 82979
60658 49738
74606 35525
21421 69072
83968 48729
34571 90520
13860 57308
93953 41590
21464 8996
61389 86261
61206 32279
18613 33473
87439 13110
10789 64167
17277 2025
51174 4711
85004 28185
54450 75963
63710 92223
45035 64031
57304 95958
70903 87516
69618 64856
29107 91083
73853 6848
93696 51411
39127 12309
84885 42918
41771 12026
23437 75401
30403 74612
80112 31760
2797 50914
7723 82859
59489 69110
63242 16793
65068 34145
20662 34687
15354 66121
42122 5559
72969 35818
56970 28448
48127 58207
71366 6250
70234 94803
81651 16989
85767 61764
48749 88564
12678 72824
87776 72168
41934 67370
5313 23355
1516 25975
74394 33222
8448 16516
38781 81417
52334 95751
9865 16813
53959 97583
23063 40545
8739 4715
57534 94506
82831 22636
99423 11861
95460 3551
381 37395
70921 5695
60750 88789
48022 35144
22011 56471
51660 60792
54240 20346
72896 64106
37159 26855
78041 60222
83752 3132
81289 41286
13991 64120
63922 13414
75982 59383
33317 76363
13130 4238
98410 90232
9380 62785
41728 31391
19256 93388
8536 73496
30086 97784
53954 67245
24639 48348
43819 24743
51480 41461
66029 65471
5581 46304
95237 97915
22039 28554
90631 35169
49145 5393
41753 58525
68178 83481
6268 3786
93221 31156
77283 23307
28940 47589
6904 53579
95937 50723
94674 63770
92184 60704
29241 14118
23360 40831
28385 45399
69385 19016
96920 34882
24410 55025
93407 8940
38506 16028
12727 31727
47184 6362
55034 76125
53951 61938
46056 66241
29013 40731
46363 37550
17787 91956
51668 41147
32787 96405
2898 18525
15422 16170
53407 56184
71195 46815
81476 9701
79195 94203
57780 26379
565 29166
2504 70869
7456 48561
53462 36469
89292 99825
90371 23431
91781 58391
80930 40921
54797 83828
59446 86571
16350 12853
59107 3897
76020 40583
29950 55215
34787 87730
81595 51704
16896 84099
38925 40704
49012 92387
93525 54656
8564 83897
78087 16698
42288 59017
57619 97085
59197 17065
8 91899
29918 59115
95796 5939
99699 25746
77506 50838
29828 59101
2542 63076
59553 41468
3780 24917
50207 97306
79574 58772
97555 74013
75470 39843
49383 33089
53281 8580
66506 53289
16832 96424
12405 12628
18715 28456
54727 96222
79294 907
71675 81836
63984 47580
39656 84116
72498 89864
97774 68424
64988 95329
42437 40458
35173 91820
89899 4806
16753 56405
74447 33585
69181 86852
62565 87897
31660 17292
471 10954
18200 88498
9143 98536
36079 48799
82652 8577
55015 80427
77001 20003
92108 19438
76813 43633
27611 66712
48439 60716
39469 22887
94301 8651
26091 73218
12900 57752
6863 29723
68706 41415
18221 94201
39951 54300
59353 38955
62877 14368
35734 56230
50724 27843
92021 27537
71476 35984
10602 36268
96700 50071
59155 7353
75074 1598
80571 4326
59350 87434
34049 44409
28849 68623
38610 85152
22923 97963
24108 2153
28684 76194
74735 79408
20389 66756
23297 91866
2740 33899
28134 15792
323 3641
23145 91749
5239 3717
96076 80942
7503 46477
25351 52705
15100 80313
37857 54376
94629 78317
56529 23313
70864 31264
19073 91253
14373 42370
83119 17113
92622 27605
32906 9297
47598 72403
1046 69190
92472 13474
50132 99976
76304 75483
52681 91404
72148 6890
45780 66777
1560 18661
90090 72424
66278 25515
63677 80651
67886 63149
14116 76860
7106 63374
86157 54705
35778 3555
40247 28250
33382 90379
44578 9686
82214 13611
17442 54362
36854 79575
21140 38414
98236 27582
10838 80866
53098 90867
61517 37336
70368 75634
14196 77475
39008 16705
48532 91138
20260 88779
19389 53642
79158 80319
79680 77724
93931 97123
32086 30785
93050 53226
69199 7638
80809 96389
88505 33907
3608 50022
87595 73977
42008 1791
67804 81017
18496 16336
72155 55108
21467 7896
25103 16977
88216 4783
94701 98499
18258 26787
29284 11308
96366 14835
18947 77175
27576 23804
27434 47536
73826 15029
21513 15835
33172 5669
13204 68020
38357 1711
23128 59824
25960 64583
93153 30528
85719 87854
29027 3977
30994 74663
31638 27360
5850 66937
20887 49778
90741 48321
97314 80919
79702 35180
13106 29226
40849 42662
97246 79207
60726 36726
55383 86686
1310 48537
17214 87029
52743 62593
7358 83737
53608 55348
27449 59458
38637 48336
9236 45730
13009 22902
26650 9063
74434 56108
38289 15284
98771 35535
10843 59497
72262 82578
62535 73572
47467 96101
76953 211
75046 84311
300 28654
56012 27750
4464 94649
76086 30052
40380 5448
52954 83382
14511 27389
39490 52801
59025 54613
88336 86220
30462 76950
68798 92997
66874 16266
89098 43827
32829 64144
44491 33129
9150 503
60879 13614
95152 53318
43666 51884
58766 12973
35266 73277
40362 91109
26078 15739
45722 30767
1959 76185
24069 87109
85534 90944
3375 90985
51123 52556
71481 95614
85686 80632
12469 62917
94246 23974
16235 54265
75858 75001
67238 27477
64631 23952
18586 7061
39691 64308
54180 41650
56845 78250
28759 58732
69194 48487
49717 36669
1043 21198
48636 3081
18182 61105
65999 28781
1431 82234
83046 93642
73588 66636
21119 38219
90588 39705
45280 30279
20365 15813
88281 93563
94063 17040
52295 79609
81879 18364
16278 99275
39562 64914
2356 74097
42372 68355
2878 43803
66942 2276
37445 40530
68912 58564
95101 75852
14621 56733
6131 51339
72546 94412
44902 82961
