5000
58982 62395
64757 41904
84757 53503
91309 55209
57364 34666
84035 66079
48859 89997
59668 49055
61496 96550
62205 33597
3101 3939
47821 61834
55280 65915
72004 27905
25081 84153
19629 84063
46548 739
42319 47658
54242 33628
2867 27958
68295 3255
94037 33506
9604 70057
98913 87452
66607 61118
21049 86060
81409 85222
47894 36689
51137 19898
80947 76218
4051 576
76633 66952
17667 18953
14610 88261
52581 33829
32571 37228
53436 26608
70734 63040
13018 85999
50492 95977
47118 87894
82038 28527
73116 29932
81569 40606
66183 62516
33176 86586
79444 9810
53538 97112
45115 84500
85373 97696
34682 17945
34925 88118
60905 22011
51159 73923
8011 18003
86253 71481
5897 68291
8 95366
14575 97929
35972 80758
60445 85500
67345 39890
11662 37235
37002 56777
21736 38727
70826 56418
73024 5751
44536 33930
44114 12047
24205 52125
30051 10458
23606 35948
95101 39967
47666 9677
37896 99990
90435 14694
85491 74132
54584 13505
11368 7938
70283 33104
63017 41109
5874 36042
63212 66762
86324 7326
78810 26881
75804 25213
53692 99410
77513 65145
55729 25180
74822 9978
25170 81610
24672 10661
55742 95608
24167 67110
19898 10802
16566 99267
68263 22440
51661 47827
89203 37985
71505 84365
81219 47309
9578 51263
63072 87091
16408 35153
28623 91231
45131 53794
72841 86155
80807 44935
81763 21326
12046 18013
48480 28612
17281 16743
67405 68942
80922 56608
23280 52428
57325 4499
99737 83255
72114 79161
70346 88522
14315 98970
79753 59446
69116 68946
45602 49923
13882 43717
87602 42280
61731 36082
87244 95364
52826 54649
80658 33748
27609 3938
2528 84934
24789 18618
68189 96903
97779 54888
85426 28446
70210 81531
4245 39326
50478 49847
5601 80712
9916 93203
22992 87999
29286 10236
83363 98464
81238 80374
48564 8847
84312 51093
10134 25454
69711 78323
38709 83842
49563 24135
12289 19773
22019 16534
75451 88849
82733 97405
85913 92649
90608 8905
97001 36246
35493 96716
51062 33083
77090 99627
41931 77755
67072 52065
3209 36783
46740 41918
36977 12656
82406 49266
48781 4425
82152 24233
9626 64885
37990 95539
73887 44950
20796 70888
97549 56289
67604 48611
89373 61047
64590 47656
38802 31662
16073 42011
84797 62813
281 21775
75469 82687
71041 40603
3464 53194
81188 13090
34431 19178
8629 8318
64128 29425
95558 61677
2067 63163
26641 7792
24210 91231
71800 79364
22894 87873
21375 7691
67038 21656
29466 58860
20696 16860
99463 24160
86406 80651
53603 20837
99829 78584
45508 80309
24362 41066
58339 42781
4229 84980
50573 44791
76211 38725
24155 15457
26598 61882
23149 93636
99891 68967
52496 36939
2179 51959
61099 88585
48962 31054
25775 65143
9639 71283
45453 34001
12349 20144
76782 32931
5124 43707
77722 97687
82432 18230
13145 25382
96464 52646
19018 12707
21613 87867
49646 23793
56178 27098
28730 5141
58152 54505
86636 67791
25788 32089
18144 38138
52233 11278
71069 73709
71337 65143
71397 70121
99725 894
95503 12542
53540 30874
25249 91505
35093 74896
31650 91271
18346 76733
12764 76498
31238 99401
60642 73379
47842 95138
11517 16428
6417 98938
6489 94106
80433 94238
80580 96511
95132 76083
9053 65024
23309 50654
72882 58402
41902 4532
66026 60248
81265 95142
36747 28856
10895 13741
2235 75090
8879 30104
7870 31648
29042 14359
25755 25827
8598 6335
22338 20082
98770 47743
85107 38432
98398 57989
13186 56652
78873 79212
16901 76491
90707 70000
5347 1602
83741 7582
93044 8972
37686 914
40621 83080
15274 82728
8907 40224
5415 47598
60306 4185
95341 61765
58969 10091
36106 72156
83096 14980
51368 99997
7823 58427
86349 13170
60030 86442
37104 53074
95414 91142
53989 36035
90574 85615
35115 15833
25839 40530
63431 2497
61068 75125
64263 20037
85216 369
92193 68312
31701 59914
84661 39524
18341 87362
69046 94723
73804 22502
64150 69219
13644 34491
21606 20570
20106 56722
36404 62297
97252 99835
64794 58320
74960 29057
94710 76529
29427 3255
61193 77480
63169 62207
17005 97863
49569 86051
92586 23374
24906 56736
8945 38550
91227 30551
59121 27685
87273 11877
89982 84526
11712 54777
59198 3025
186 53908
95906 45965
57164 73451
23446 36685
52010 40451
34548 1580
42854 43487
41306 67760
16575 50251
22663 24155
80802 98136
51840 68076
10013 58175
68954 38077
12952 44504
57454 29490
14765 69712
75456 88281
43164 98902
24966 95174
55705 75867
13106 14911
35706 70764
82672 52281
37367 21687
76436 18170
36175 44629
2598 46188
2804 87904
617 32108
32408 58072
61598 63525
44136 37054
51806 87300
52308 93125
98827 8013
68992 28285
22925 4698
15402 21949
73331 52769
43636 66120
70939 79811
10749 89889
42351 29905
94145 59320
62013 42906
33744 39963
6431 77881
93370 58238
81533 45678
67715 96712
70044 36707
24998 92969
57757 40400
31270 47440
9521 74906
13560 96813
71069 40661
86702 29772
70566 97200
5444 48931
40106 39189
88895 62889
17070 98617
37479 14955
44295 5194
11668 30691
58253 53018
23660 32362
9770 54930
79803 19291
46188 93363
16104 33609
50377 19159
79733 20943
16359 85178
86227 56465
24367 75122
19354 57789
90091 56834
89096 50738
78380 764
81430 36634
53782 5090
68996 63552
76373 65151
82844 38913
58515 15300
88875 25244
34459 68608
46187 50818
70138 32414
23635 10857
23888 59342
84998 13979
32528 74095
64718 10908
74859 46148
47542 44994
67590 32891
24898 60315
98042 24094
15581 72909
39395 4456
98153 73854
89416 60693
24673 75907
93107 64660
86764 33348
24002 71763
63679 56530
45858 44749
83791 37069
7249 47685
98415 91192
80576 23314
51507 94971
47408 83440
67880 86803
87896 82386
60658 93665
43079 1683
69572 52538
82695 56336
85886 6698
44451 65918
79580 6661
10667 63371
60083 17917
27409 58498
25461 7985
81812 76968
19308 29221
60409 87189
32376 64657
69575 93034
74674 29006
11069 44246
81544 93765
16935 83783
16815 77738
49701 12747
84400 60368
92471 44483
94637 19880
19333 20098
44217 1146
13419 63526
46719 90180
67067 79095
71189 36642
88482 45864
65648 99551
90110 63544
9668 23397
47327 42835
1136 97028
55583 85536
73749 48054
46371 84738
67934 65704
4837 12151
83202 34608
92029 29921
24788 59096
9017 95977
12090 97499
58193 94090
13402 48304
57635 39423
88053 4962
82258 89189
18343 37841
91077 92092
85895 53800
76830 70181
35857 98019
98685 19059
32627 90714
48981 73767
66163 74350
86097 78253
88201 44290
72344 1603
8946 46331
57378 97000
67645 39637
2541 85988
93830 9971
94432 96078
63771 87615
82611 99628
1986 81296
18688 34614
88363 84021
24733 54526
58371 10830
49131 46572
55121 37827
64527 64067
84158 38258
77419 68156
77895 79961
70496 88077
89932 64929
507 53703
68896 83119
69684 70882
64415 4724
21848 69130
88745 46582
23656 47116
57412 89140
10040 28885
26967 90919
92953 27478
29177 70372
95634 23424
50333 66130
27854 56617
47411 28361
26673 16307
11480 96357
87190 92248
1081 25390
61378 89826
71972 1387
53294 45737
90527 79686
74622 33846
70605 67575
61324 16135
54300 56958
55911 20985
39441 83765
77603 86852
12127 4276
19512 23607
633 23054
32207 18066
48444 93586
24244 36769
11325 77538
82506 1852
73576 57128
52050 60533
41056 13375
76668 95356
86685 32580
16341 42478
32697 10296
45683 44824
14572 65195
84784 31557
88249 16991
65975 53045
26929 90219
89814 38254
84109 72320
56458 57685
45801 8509
18219 86857
21884 11239
82213 24921
60171 14906
67400 92869
25203 13083
37693 56127
94630 38829
4037 99231
55821 86364
52276 82750
76584 58443
21005 60693
47115 93815
34731 92916
2324 52950
79773 40560
64189 78338
81834 40713
93245 49234
33582 34800
78669 87627
7279 89651
26457 27668
88882 98630
14033 57510
97732 6969
15953 35089
67662 79421
28905 2393
72337 31229
71695 68463
88142 52237
46801 69976
92950 56398
35562 42884
7550 30583
30511 14830
20234 73320
58850 25468
71950 72883
82978 86035
96204 15284
21124 63867
94705 50029
82612 83394
97611 70660
51857 85753
22897 15011
55729 32199
71409 91291
75083 78960
21874 21946
10142 58460
95267 85344
83928 83569
74580 83258
69604 70784
98542 7081
51003 9599
57110 49968
9346 54721
20628 61203
56826 59877
76214 28907
8428 63976
20198 83511
59288 58424
21809 85782
33236 33428
71126 17164
16998 45706
423 2954
16491 15317
10035 67494
24917 83498
17462 34263
38219 54442
11818 11398
14319 4385
40305 22747
84713 76856
22610 60353
51632 60772
46135 84869
94200 17261
2033 11198
79320 2456
30505 12163
34126 40540
79657 75395
24038 13472
26010 78610
84266 37828
6360 98586
58565 46665
37685 43278
23521 76648
3631 91506
37420 66118
76375 47972
99732 78408
59171 79052
97217 6028
7567 31343
62920 3576
6738 3311
17048 32748
81921 1315
86928 4633
16253 61846
51298 70290
21476 91172
63290 41460
82678 17062
7578 59053
65035 7310
53813 40558
2714 67382
46586 10281
98725 9506
30210 21815
12817 47258
70915 11090
64925 74196
15723 97530
36042 83374
84173 57518
90898 47463
98978 89928
80878 22909
65333 45913
46571 19146
86471 65638
86529 49409
92271 1606
75267 22481
39774 88085
86092 10689
15527 51017
1237 47603
64900 37279
47329 49073
11150 38227
12888 26480
28155 93766
65741 93488
56031 12313
28986 58854
77951 31867
8263 86574
33474 99883
9056 73248
87968 95148
289 19847
62517 17879
83802 27417
55158 31131
92842 82660
69358 5731
25493 13865
15849 91234
7353 88233
19899 52692
47087 97850
84559 71703
84425 34385
71586 9833
23985 75906
4981 40627
95753 67498
58506 79556
94916 30016
10687 87758
12677 96398
9841 38170
10263 42043
45756 33969
30276 65656
86661 77363
79858 87572
65418 80635
21958 37004
90468 45943
12910 11801
86570 25016
79300 45076
20924 90568
75093 31611
94678 4122
44361 20872
58644 54625
62915 20752
4946 9543
86408 7959
86906 82619
95531 52325
63254 17489
5681 70075
79785 18592
81876 82707
43608 77528
44136 64532
68096 35581
12495 79127
56055 56857
99999 14699
27834 79266
35451 49132
88809 38212
57091 92067
20831 52622
44392 437
86464 66426
70512 82601
85018 68741
65308 44978
46269 25796
9510 30718
61377 38357
9845 17432
11566 26196
48483 55752
5462 83935
4884 94271
38499 61975
2690 75682
30950 63435
76119 33766
29861 46632
16367 14879
15373 98027
59857 77994
23824 85719
8712 85201
40428 34909
18986 68347
61105 67469
24099 82919
67756 45336
93542 22607
23663 96233
98289 54613
59668 74409
88379 89529
37393 21098
20760 69118
19126 96969
47112 42950
99040 72177
44503 39468
7086 63489
24167 68192
47311 48267
51111 15067
9955 44654
37675 33618
57239 52316
4584 16907
26725 92963
22788 64118
30414 43548
33236 49540
40517 96701
92490 55909
68878 53345
11729 75964
16835 35897
60508 80498
84164 27972
11917 10471
72626 65944
44089 46217
18261 48673
63124 44986
57989 85912
25457 88403
45812 75045
37943 2681
71746 46785
58590 56976
130 70319
32941 33317
6216 9801
30167 6732
37773 42085
17203 10399
8029 77645
72968 42642
26318 36092
87629 659
38356 29438
89062 84168
4483 43357
3201 92582
90142 61791
49558 6625
48463 98851
56294 54679
8653 86462
77764 46426
44899 11319
73178 69280
88964 46146
11923 15283
98591 15904
32294 36947
45342 21357
37468 66177
64714 40669
58759 71209
18813 24670
94186 67276
23521 50480
21955 48526
53294 16071
94953 98193
27391 68131
67474 16355
30629 79397
47990 29220
11653 80285
82520 56995
17994 19988
39524 82708
77009 98284
70269 95822
39306 64455
63098 79179
31288 1406
27706 84582
17477 22659
99128 61220
7142 66602
93928 37771
62351 41918
83344 74004
38555 65864
47351 56549
85852 86875
55610 79213
1511 42231
75036 40817
6687 54486
36349 37975
55892 64055
38909 89722
86714 38037
50942 10208
20991 61222
47979 99694
3141 31323
73698 58048
97187 37401
30950 99391
24277 2912
78605 42140
45143 69993
99310 51830
24479 35659
6157 96724
99714 45067
86446 2780
99456 53740
12988 20448
14963 77319
20142 34456
24995 10193
8856 38534
47594 39806
37926 88223
42718 32883
30364 4214
2876 29674
72396 27355
81685 78554
40431 81399
39973 26877
84179 55781
96970 97167
76229 28285
90838 12724
79093 15833
39269 87949
54368 3215
44108 92294
91439 3178
41529 38155
7392 44405
84181 79789
88112 65866
58343 28544
47265 14668
71773 47796
70449 85095
61315 63031
13380 52153
92107 8825
67987 31376
96775 22355
34591 40883
31001 42382
44061 88882
80537 51454
49639 81070
47595 54103
63288 22290
98999 26905
36958 70773
74701 23759
72220 36016
86790 85601
4522 78897
94426 72509
10273 7553
11216 61217
64788 58569
3599 8850
47451 489
76656 97090
97911 24251
51193 61200
46541 50193
88105 99851
37318 79159
23610 9538
15175 10401
11491 36049
5650 22270
8558 32276
46175 36126
93493 10964
94695 97092
36166 58498
13933 29174
71940 11845
53425 23134
89397 16318
89679 77502
32521 43349
56661 56131
69239 88189
82884 80731
24238 4887
19353 49149
37163 65528
85275 30656
76492 96323
44100 29010
54821 74386
58184 26762
86231 27961
66248 75628
60631 72279
69482 93152
15628 42496
65636 84867
47037 64872
81950 71275
69759 17655
36776 6922
83184 38404
37578 76028
34727 98031
5039 5900
72417 79575
49014 75000
7537 31614
50628 68168
20245 36462
61321 35873
95310 43309
37093 42347
8181 35395
29975 77941
53051 66751
84863 52587
5155 38794
44967 56234
53177 66358
78487 25594
45934 43853
594 53471
75468 67574
37991 95713
20388 99312
47939 15699
58973 1384
58046 67155
53131 88021
45096 22534
54773 46311
91473 76280
1457 36441
48867 54634
19151 27354
96580 81437
71207 97174
51260 63027
64748 89252
75093 85137
4916 23032
17188 63890
40768 75234
31045 93899
63256 92493
32786 34381
55156 24259
10661 56614
77052 59528
27600 96204
3234 24181
93993 90794
37707 45254
53821 18808
34506 45266
20297 39422
84650 37485
3312 25418
12719 50709
35670 92327
43202 68456
26708 98359
9067 53722
71325 86120
29602 15277
98676 32837
55810 92669
39983 93518
37923 10156
12326 88781
55423 32623
28204 40073
86460 47868
81844 99179
98578 17514
91507 58132
2322 34567
72843 27741
88289 60520
13861 17892
92150 28889
67081 47960
21559 7064
41478 75834
17220 70156
64616 72643
19131 9172
29069 5591
57040 10913
21123 71970
44779 28982
46455 63453
63549 19298
91194 51839
96171 21408
69731 88321
50297 36812
36281 88208
60228 94112
64043 77448
80620 28659
66444 16104
54183 11865
38047 11223
22778 59170
99546 67557
88152 62353
47362 51702
81651 38556
19893 94174
59964 89624
82495 26614
42788 35129
14822 19368
45593 78865
13168 26213
23876 79612
42317 78059
91477 80365
5635 30607
55887 21533
14516 44040
83886 61878
12094 81889
435 31987
76064 76751
37963 74911
3365 97103
10040 34540
16471 55633
13405 29639
98199 53634
25604 56868
31693 17081
53585 37328
64041 9473
75213 78557
69865 59099
40436 98311
40989 57223
30298 17053
50326 84613
8316 70044
81716 18357
4584 98187
90342 34341
27826 4893
87975 53430
61762 19669
86864 31699
73349 50905
41172 48563
45814 27389
7662 2602
25700 65003
76177 55998
98408 26504
40611 6725
12900 38679
25082 17484
36866 31776
51825 81045
36670 39801
34475 14784
75822 37691
46483 49171
4948 4008
14086 50763
31397 38101
53365 57098
3104 29543
29448 1513
72399 86412
8238 85299
25091 49672
19135 78310
97800 87312
59355 50822
43465 10182
65606 19287
47874 28442
84811 69174
32450 98897
19937 80199
53350 89655
37297 56455
35550 83098
74320 24301
85862 98910
25952 10953
64934 45087
5615 62734
48751 64970
29909 92217
75153 11867
11504 39379
40309 96315
24905 89111
11565 44843
69311 64915
50850 6608
37722 2752
6058 12042
27053 91920
10952 53005
19226 75886
14444 24841
54973 63195
89812 84882
55412 81317
96749 83269
37048 53411
79584 61953
42522 7501
23148 11833
72417 73998
34794 10139
93102 40852
38534 20155
32773 49486
73160 68351
41725 3956
93192 13050
67152 83004
14284 38916
80673 11033
22185 34073
80796 18122
96027 23319
25623 35527
51504 14392
25878 86298
40884 18980
43503 79418
39136 92628
45256 28648
60979 3333
32605 54171
16383 16109
53528 30667
55025 50553
58053 93563
84627 38849
11685 80654
78520 37308
16181 30025
68053 58411
32675 8937
77392 92530
88355 16528
85158 49963
61528 62489
53297 94133
16661 69680
26594 86541
16700 81620
37094 74753
91535 21721
29954 3220
18727 24827
56880 51261
71204 24933
9672 3879
33870 87064
12762 38577
19944 97920
4893 81473
60410 58190
91958 93423
44222 18553
79964 77274
16525 33410
52027 8060
55132 98334
11280 90211
39513 68160
41472 10717
9446 67497
30948 59668
70913 43710
14598 90858
41631 19491
72331 18393
94033 64289
11816 38255
99194 8132
15530 15719
41542 83909
23779 13026
98595 51411
19590 38108
35924 61062
48825 45370
44911 96126
21390 15825
39836 35988
23035 97819
55479 11718
16212 49512
76007 44380
4120 91554
68864 19650
7273 26759
19911 47405
39785 18507
98816 59375
72967 51092
36790 21793
96462 98053
34271 17853
30230 74107
70193 53265
71927 25673
64983 4491
91537 57343
65224 95657
48897 50440
31659 72522
77199 51571
19927 33337
70078 35096
9064 43045
86188 62206
81190 99003
60260 15461
33208 90490
5921 3401
43756 94200
29074 25091
98691 36964
82434 80267
32621 47683
30708 64281
20206 24259
15852 40133
57596 2282
75229 66661
61679 77770
45219 59222
76773 5479
91035 9981
95970 96956
13382 56078
91156 58809
97521 6200
95773 79956
2819 44746
27639 49879
9027 47845
74139 41231
4331 48087
43513 95912
31100 21545
73682 76320
80767 50455
98151 88154
76788 94121
85111 90171
66551 92619
65332 64073
15171 77457
60381 17991
22203 4372
84222 31231
52218 74713
88814 72901
22801 48680
68813 70253
70225 42496
62925 67344
9303 61077
55498 86092
71550 56961
92615 38102
65933 57947
18527 81104
35404 78908
15447 57607
99632 99670
5190 51850
90735 94005
41103 29888
59037 9917
142 29262
68765 63067
12958 78068
24144 68456
80512 95695
41770 73127
50149 7703
31074 85028
5159 82830
80288 20607
56790 79920
36629 78332
48123 43716
88689 89226
73605 47726
15495 73747
76988 84260
53166 6298
78681 77311
91107 59193
89358 32877
48673 55859
56932 79747
40887 62091
78930 21175
99050 35720
1095 52031
30404 49218
95748 19094
54797 85705
66820 70292
59452 60161
70905 28970
66459 65938
6281 57566
25131 11991
90443 73804
67850 63727
69904 25089
25819 65186
46264 41221
906 63712
9605 47662
29282 21705
66756 431
7410 33577
70724 83214
93738 57981
12184 76549
23919 34818
34116 65402
46809 40911
39207 31012
4639 25463
72453 46810
90649 35070
4383 7907
98782 13988
55569 44416
35693 22326
44848 59455
72255 31924
42669 82345
89905 54854
58894 13824
89672 9362
79226 52833
50274 34785
197 54913
60248 72651
18075 67249
7721 22458
75156 22855
52799 47078
67271 88492
85756 12119
64300 58011
44043 6969
56708 50300
78175 31954
64124 84199
41317 59703
37033 91591
94488 53582
62856 71089
42585 97283
38338 50306
19741 29847
89513 72540
76925 56785
77385 79033
85256 41685
53396 45652
65006 10104
95952 43182
42058 76429
43733 99727
36132 80766
91318 46972
50701 70526
34413 93286
84161 72752
59945 3903
18951 49458
92795 12228
22595 86532
91261 7852
44569 44657
69856 9576
71113 82160
69110 13171
58589 12843
12899 11073
9962 20569
74398 77015
7448 8811
70301 91609
97915 46598
11864 33218
96057 21012
45446 35004
7544 53059
59208 68466
14068 29064
94394 85181
11225 79856
14705 86166
92699 43956
13592 19013
80877 87990
12380 88325
13153 99034
96287 11069
45632 24503
44287 58041
45515 6086
93046 69412
59145 52254
37878 73214
97671 32272
74747 25248
12128 89452
11414 21179
33408 41358
56545 14286
29348 68925
18963 58854
67959 31602
86275 13592
56106 46914
87985 1621
53000 81031
87385 28498
49638 25263
18064 47309
73887 92811
72557 86015
82264 323
23547 32024
41682 80092
62662 87382
65369 81626
46236 33329
13228 32511
63273 85686
79426 51258
3660 48778
48642 91045
77276 98280
16309 95340
61941 6548
4504 34498
8916 3120
34821 32463
35144 76503
28907 97807
80238 94276
95785 26474
43957 9013
75338 7230
11052 54764
74841 14712
19894 23483
5757 97171
38115 38418
8863 56
44967 29719
34554 53883
32839 85727
2698 67984
78583 31605
65791 58821
42233 77928
1647 86191
3293 76985
9773 14345
48101 84614
29057 67996
24449 51167
81519 62564
89585 90382
62620 50904
36454 13526
4787 69293
99254 23837
53629 94189
55442 35772
53010 97676
13700 54657
219 16994
31643 9992
31339 79744
10959 60397
64092 35408
27916 45611
97973 33853
52346 76945
84758 88800
90472 5897
58093 6078
29735 11723
267 1529
47495 69629
15557 61196
24286 15776
78190 72281
42121 25881
68378 53080
2630 32470
88488 30546
78082 2813
64400 30428
96111 65510
19228 2935
87759 93673
9013 17494
21748 25632
35376 85596
95261 50933
63144 35899
66710 57686
8181 8831
83567 76559
78263 86198
25381 83103
33096 3463
85917 13848
50243 98380
79358 85823
1315 67118
79497 26680
964 17597
68664 36340
3193 63925
87274 66337
16176 70336
40375 24357
95519 23943
17268 73782
26493 42650
56885 59589
62465 59154
73438 12709
57534 69148
98532 75201
36266 94381
18233 37231
11979 86897
89923 31524
67174 77197
14214 83351
63885 54589
24060 59404
94884 41329
33186 21377
331 6424
97319 79148
65578 70757
91857 39465
39905 6742
14666 92524
1123 49252
46107 29454
36149 36030
77331 3324
29580 91545
86675 93465
62486 10735
52870 57371
68416 2408
95100 85099
8832 92419
64248 90763
63176 56105
46580 19434
79199 77598
28310 96675
26850 74417
26129 63000
10447 19812
82676 56379
27709 85703
49845 90196
96438 19067
63919 81207
37827 59019
66306 63012
51439 46906
70127 30967
19364 16707
66753 98563
94305 95063
95238 21156
69480 37720
508 96280
57532 83184
69011 85242
68887 18856
91790 81677
54275 55709
62884 8455
14728 45543
71467 82519
8801 57946
29839 28165
74653 96592
26729 68958
91656 38319
6466 77488
92391 6974
73768 49924
6510 42780
51518 75397
77988 43308
73427 48616
15369 52663
57071 46449
14558 44890
28969 23360
2836 75160
51525 93841
71752 94606
62799 79760
32926 85618
57249 25317
8944 47369
91593 15455
6501 59463
7204 842
19123 96983
49458 34492
49647 22881
80942 64205
84123 26263
3917 3311
1423 55443
97152 89527
50049 76303
69288 99327
61921 42889
40997 87218
90258 48942
19025 96760
8406 42581
97602 27529
39565 63412
78374 89212
2645 75668
69769 3120
1931 73687
6431 19706
45482 3583
25585 11883
96238 11225
11211 74512
54114 68560
61730 44373
17502 80755
57485 42260
23336 71439
86142 79253
51203 64516
84817 53848
40184 54587
56968 58467
44626 79751
94525 90108
99686 20110
1991 95924
31336 29554
70436 85450
14466 32166
46175 48321
29273 3660
90581 68962
75099 76723
48215 26302
57591 33033
96502 97775
3972 53470
56242 48598
49573 67119
55058 49259
87230 73401
45184 34918
19308 15620
36720 33774
64139 82896
82095 93412
86556 89029
62374 78008
65752 26942
4310 23344
59975 813
37471 80299
70635 10066
28897 20209
77185 307
69468 80767
73708 31004
15685 93016
46625 52406
43143 10764
35302 25238
20528 38210
14267 99255
16218 96372
26197 36881
36068 2524
37694 89891
82823 24681
99957 28072
61242 77143
28379 47063
57910 2087
78067 89948
11456 24692
42354 54599
51808 94008
96189 88689
48570 26809
87944 81141
23181 30493
18022 75601
49369 72068
65492 32192
96749 81802
76616 57992
75297 4995
5055 33207
23434 83122
39507 34890
24167 98213
5841 92327
92221 2031
97368 57144
28840 1664
38285 68373
32157 56307
43974 97878
28375 25818
46422 41476
23972 23038
15820 99269
28033 20875
48829 67820
20350 88336
19062 60869
86550 24904
69548 95123
26935 66917
52267 55775
68581 6904
24148 17091
79563 84474
14969 7938
26644 61392
65767 50617
84430 81587
49886 28816
2463 15067
96636 39165
3404 15698
34 89954
56954 85934
1429 83889
52851 70049
39664 21433
76953 80164
38524 56517
80990 69845
80807 7635
31237 46574
74604 15668
28162 40842
60836 46977
55910 73824
2494 59314
5874 18880
65620 62829
4814 67049
46718 57666
53450 2735
95451 30404
82899 33975
86921 80242
3820 84080
87877 51410
30655 62481
83430 75169
19675 44266
38498 75585
34442 40992
51251 40316
59872 16871
3145 64686
273 66216
22352 53723
68951 17803
479 68202
68130 87400
48444 88303
71481 52673
56065 18488
31506 39495
93657 51182
83761 32155
26767 18203
89499 78019
74871 49371
11242 78017
14057 27867
44233 52762
81591 29536
86917 98422
14090 71400
85823 62535
76055 73656
31560 32120
8496 63067
71615 18505
14249 71728
67012 57368
6283 56511
51739 81154
5882 62982
75523 36291
7201 19756
5405 5144
65644 92323
3567 79735
80075 5742
58622 56130
95750 90182
88250 4246
69601 59865
39103 202
47945 6115
57571 54228
62626 25662
35382 84860
4996 10906
37503 12198
47014 42909
17342 29011
51584 20909
25098 31659
26651 83720
87789 22401
90254 92391
26647 59856
68608 65750
76410 16553
88217 50333
70781 67195
75996 22515
68407 80992
49773 5911
93190 96788
65172 10533
42151 16756
31442 67249
64767 74446
50969 68908
96847 57575
61299 39847
33783 29907
21949 10194
46460 10167
60527 33593
77362 52875
56108 62122
33868 5882
68033 43410
19022 33205
53943 61173
66313 1738
28422 31080
76184 95743
16340 73031
69670 77639
29230 3454
23898 51180
13648 86710
77699 90527
20303 71413
43403 92763
33535 93623
14997 1568
37033 34019
51125 7329
11544 33790
9067 56318
81222 1603
68413 97562
90986 38084
75201 20217
41538 99099
71397 71538
2161 65448
62065 22464
36861 21820
31580 70397
15443 46577
88317 68829
80597 55795
76158 8493
89585 85225
64812 70808
86828 33225
68370 77814
71309 59924
14383 29199
75375 85780
737 77537
67580 62803
16353 4442
975 47933
91191 32771
94511 95860
1600 91460
51655 77758
99953 57593
79335 81117
44753 66163
14343 29475
60329 2004
5751 74713
31204 81127
76845 31941
75016 44426
11096 91369
65220 12072
55655 56411
61195 66518
68623 62795
57978 36631
40553 74283
94224 19888
55401 55329
2403 86096
84804 79084
88100 90556
70149 35656
88035 46995
83950 63051
7773 95046
70772 89345
23470 42779
62108 84665
9297 30731
47460 83627
67362 4365
57911 77938
40605 29664
33267 59360
32112 18072
54797 20212
24980 24946
72221 13015
88293 56171
76066 12418
51217 63190
1763 91040
5970 63871
92057 15267
10955 55870
15247 78317
60235 89510
72608 17193
19174 5875
92905 51286
40299 47702
87850 65279
72649 76423
78294 77294
32594 70712
89713 164
33903 91476
91204 39873
71700 99613
71492 99007
55483 86739
93676 32071
92601 66284
49264 11775
72160 58521
79413 12459
6224 83616
94091 95225
60039 72385
72519 92634
43098 78584
9150 93353
86413 16706
33226 58113
16319 21070
73472 71803
24162 67148
3874 16763
33433 69490
44891 21945
28011 24304
50756 34235
7920 44847
45812 84312
17233 18332
76946 76683
13268 2448
70036 99681
19154 19614
74146 35473
40684 47618
7276 81198
14767 27502
97962 64552
96992 59205
86497 25004
83509 37253
75591 7782
98453 21404
92094 15686
56088 85392
8721 85708
4192 78757
85390 23346
14723 59536
58819 71759
7155 82448
52958 38274
26302 67272
2826 23295
26477 89323
64651 26338
42928 56594
50472 41381
94350 58918
73419 66790
60662 82140
52499 64854
77249 37889
88200 91972
13777 63372
63732 37284
62172 33042
75558 88474
314 78384
28121 43143
84059 9124
69481 43340
65719 19954
1073 60069
78872 74493
43212 55887
72985 95711
20741 66587
49952 8942
58559 63729
88666 38643
1014 50838
88037 76572
55664 4703
71309 138
64198 71720
9262 33680
15060 74981
69986 16134
51403 65210
6979 94615
21097 96316
6678 58191
62903 56630
67133 37815
36711 72151
92810 37725
39341 80848
30650 95005
1903 18311
11495 66102
90031 20758
16134 21444
12091 2472
53930 79846
67682 60909
90813 5132
57225 97491
63323 36481
70473 46808
74296 7185
18959 83458
44910 74652
64306 91912
69657 82562
10223 97505
48664 255
18263 64798
21699 46706
67270 75629
26553 51304
52890 17366
72788 26467
14858 36111
62948 85331
99271 53596
8868 34582
37055 53779
9234 17713
62043 95244
275 72267
92749 65291
88874 27364
46441 26925
74070 30063
18906 623
81368 71796
17990 70508
14615 49200
22972 93916
50883 22243
63864 59752
56826 919
29883 82412
34985 91926
77656 51612
80545 70405
16904 69419
97769 79697
96344 88192
9761 31602
88815 7481
19750 23157
77989 34366
88709 961
44634 39593
39557 8498
15697 12735
25770 61932
95147 60755
53858 72804
12367 34404
59561 45623
20175 73683
25321 32872
78227 51434
64474 67042
58915 84225
6552 53256
34943 95261
54218 79577
51206 10127
88075 83255
22862 13845
45187 18009
90952 15398
7165 19672
66154 83079
65295 86329
73114 6968
35553 51341
74754 16380
34735 33669
605 57639
3278 51900
69253 57496
31477 36811
83975 35904
20067 6837
49750 81606
41198 57054
97004 64716
76726 63158
64147 58374
65840 53613
81694 17745
4954 56449
34125 56041
6470 34730
13681 9748
2982 99286
83596 34459
36097 67571
70364 72516
90760 36466
54123 31959
93520 67479
13027 70247
46990 77174
28621 12830
47139 26667
30575 68445
83116 81053
24486 89587
32135 54519
15687 35118
53805 99284
69577 89903
83207 56293
78771 73968
92759 32894
5927 2632
374 35306
89231 47364
28832 34204
76546 75971
60871 23473
44416 43988
4526 68902
49927 36662
39774 65614
71780 9931
81250 57709
16186 64458
14003 94958
38426 23114
27852 60705
42098 44578
96011 31329
91942 41195
65533 84840
17166 42757
8314 61582
3097 12840
46836 53024
65854 2962
34990 53986
12894 16241
11696 29080
80699 42051
24038 35477
65165 51891
96182 7264
12821 8545
54945 4764
49740 36831
89604 66906
79588 14270
44840 82685
43463 8028
52061 9317
10991 87051
79656 23885
19644 91352
52965 16695
33403 93356
52172 14920
45247 64706
38536 74420
73251 9834
79184 39343
46665 85141
22601 26253
15763 67441
25290 59226
75470 93703
84896 86461
80754 64552
26698 16751
72256 79663
33446 22011
73019 85619
53283 34618
66677 91820
25391 56281
1654 4575
95624 64671
6068 18226
7276 38184
2019 48918
97410 93841
42621 98658
96654 23375
79562 23352
56478 51818
19368 89925
90181 8739
91896 43465
59710 58573
51637 85101
14854 69643
6028 26831
34314 28449
45057 41590
66633 63428
90508 80395
73622 49481
79054 70276
72856 58616
9981 45687
26787 45701
35612 16968
54440 27508
60433 30502
2433 12070
31955 17288
98065 54336
60471 32379
82785 21880
90321 65770
85308 97181
46165 58930
46662 41571
45559 35871
16540 55540
81558 43327
1241 33522
60295 72033
61030 37081
18888 79815
65503 50843
97103 63569
5179 73926
12300 4316
95806 18974
86438 81115
16155 48956
56397 79170
6879 1956
31393 23419
57496 29303
66746 75089
62825 43394
63475 40207
96827 82363
20022 62330
33206 33478
42251 54738
7404 54552
75406 3211
73526 61845
84326 6033
27153 40723
1555 34032
59032 32948
57452 32880
62251 40550
24322 25076
296 87797
65283 97123
70160 85306
59454 19718
18784 18057
74456 26188
88961 66215
29399 78839
44412 30077
84873 71565
87153 86428
5597 62537
35729 79401
95417 97980
19952 19739
39409 20248
7536 4692
33724 94048
6350 9530
13767 41486
27587 4575
84027 16549
70790 29778
95388 15202
59856 96613
3119 63361
99394 25069
25898 51475
4470 21315
49455 40774
57407 5216
77375 81295
26261 11099
75344 32611
20629 89111
90450 48216
10038 74477
81117 80829
4255 92858
12383 80463
5823 31855
43824 5217
56924 86074
56692 61394
23742 22500
18521 81149
44068 95896
62444 70329
6995 54140
19293 43976
59603 9743
92192 69642
572 89662
66823 4827
82520 95558
1643 88343
27413 45467
9913 84337
47894 82957
62084 71636
21809 96957
52785 65878
92853 31581
36207 16200
2074 71852
60176 61677
81595 68720
31319 98519
74734 14494
3347 57254
10053 21342
61950 53818
83161 88215
38156 31055
87524 16592
2691 9334
13549 71828
91564 22754
3410 27771
38954 21836
15976 15482
83513 13923
84202 31185
12443 58937
45679 32142
32543 72084
53484 10845
25903 36645
15412 80411
67701 2937
13355 86744
28623 43256
58573 20187
66010 78335
64310 21316
171 80286
36798 36
94210 37352
31221 6653
12641 93253
38795 61537
65337 8631
72382 7592
45276 4147
4355 29329
23436 17710
16074 52059
60966 90999
88598 26976
85686 52908
64644 85857
49547 1442
85893 60109
38795 33467
83114 67788
26720 38261
29325 8409
46892 1708
16002 8520
22207 36709
37850 45643
54420 70276
14054 31738
77627 2652
58715 63313
71912 39711
65522 21459
41154 67767
97920 96301
1234 81034
64089 44306
19295 93415
52716 82539
11475 85070
91060 33682
21779 45262
95677 92551
31890 9731
24290 25869
28735 99357
89182 647
39068 71056
38459 96574
38823 36379
92875 56410
33766 73317
716 69413
83084 69784
51953 94559
71206 59365
44593 9338
20979 56622
1889 52869
66353 42531
95090 11440
41888 84272
12087 97309
55328 50546
93883 10503
3278 3111
66913 37044
76428 83982
22809 59512
53766 91114
70423 24973
50479 31368
50663 71458
4342 52552
40679 87047
11436 35769
98487 53324
36393 10574
50633 8073
77473 60869
18577 80751
63980 1842
34147 56760
85824 73308
16272 39591
64423 3047
80916 14902
50767 47931
2713 55109
483 59744
42156 28271
11866 40643
81596 64611
51217 48581
72685 45042
25802 7614
25793 89782
9456 76292
46542 95281
49601 79166
51224 30376
98565 48492
61630 49332
96423 64343
4441 13258
40440 46597
41530 68658
3592 39478
33269 54810
4411 22306
16204 30214
29920 58350
36348 55729
34642 99243
67362 595
78409 34938
30971 76975
83430 92602
26307 96205
73297 47101
9463 30089
10050 67345
98747 13643
23175 48369
84805 27587
70675 1009
74153 16948
59359 10501
89029 10354
9744 56391
10949 4506
91329 58273
97833 91111
67227 40492
87316 56876
87593 13131
86966 97644
80477 2065
27639 20004
66786 12444
47591 53814
29805 38096
70762 89165
64950 59791
99519 91046
32534 26820
95552 40215
1445 9737
31326 68672
50230 34994
41901 37823
48125 45219
51819 44954
47284 79458
64959 14071
8254 28902
84237 38060
66999 54999
27225 31949
31142 43096
39347 80028
69916 51252
20243 87714
60989 51569
56386 11219
86563 14639
65395 51040
59858 17214
95995 7143
13025 77306
37566 21279
6208 21803
75691 89559
93154 2916
37860 40648
62364 77208
37028 48633
28460 57271
36347 89449
25192 9085
669 28107
23725 66064
79147 83583
99630 91494
7078 12655
68800 60996
50287 75009
82799 25978
64568 92305
45247 18781
49305 7611
95989 86333
56244 24449
43604 8943
30250 85148
18029 47271
13255 41754
29687 8755
41689 29318
249 48768
58325 69050
9764 24964
60411 8916
50943 41331
1221 12542
60112 66879
20153 56101
53212 92750
96902 13169
1693 43505
14669 36074
90776 27925
77828 20464
36680 19518
66134 36929
84638 40811
22331 94402
65776 99094
3318 33071
40426 20892
45613 16890
4123 82118
89344 73687
74868 2598
86856 92914
46103 1526
28988 36880
45803 23169
73696 98835
59039 39830
52116 43677
80641 74448
54431 62769
89894 74102
95840 46672
11346 41453
63563 15469
39924 69259
89156 14792
71857 92365
24058 34313
10243 69399
87545 56046
8920 61241
54881 67959
17423 23349
27988 14416
14149 98771
77186 4044
72873 89378
50716 84219
47184 30631
99688 87108
99890 5197
18252 88100
97562 42311
22413 7805
28062 26310
63851 36982
87551 35084
21293 21326
58433 65633
35742 72583
64404 29280
92979 53630
18659 43695
37849 82195
90679 53890
69303 6921
59087 87555
95021 56649
46218 33786
80806 74280
60096 44657
11262 63999
96093 32555
85325 70878
98188 37420
59813 78945
66700 52792
32575 1711
12840 86776
83906 3519
40666 69561
10440 16105
57117 21814
89106 3335
71952 69912
93968 48401
30921 21582
12400 43366
54138 14078
14245 68678
67850 90410
63975 50902
43203 96550
68966 56043
83327 52872
59562 40345
38786 86354
72803 95903
24520 78261
15590 96473
48174 25910
61226 95447
47493 73626
55166 1631
4056 85763
86661 71906
76173 50637
39161 19376
63539 8127
91771 46866
60999 67685
3564 16137
54040 76367
12040 78560
54628 43983
91385 19154
69893 52611
30954 17386
42590 86120
35369 62998
88235 38383
51257 64408
89020 90418
83785 52559
98545 91908
15778 75896
59594 19342
92034 13634
12061 4074
8546 83041
64409 16284
18548 34303
85247 49502
68041 27837
51974 3411
7188 40209
41794 58445
20969 47166
48863 21106
16077 47408
13015 31855
23304 72609
67549 31690
2595 79610
52117 11141
62652 16526
43777 81200
67181 29025
47054 35223
73214 15380
54986 80402
71941 13132
38847 92910
76650 87710
14017 92727
51470 27032
24583 91127
99641 92132
22817 18588
88095 74934
29729 67099
7813 89859
64651 74994
18884 11705
26569 92098
43437 97907
72501 15378
27391 27700
8288 4041
31763 22305
96769 83233
65689 37704
90712 81682
46188 29882
270 50635
4816 46352
17734 12629
36211 82385
3976 71447
10442 30545
79897 53879
28453 68750
69257 72196
96451 77546
76238 28214
16203 89359
27799 81893
27063 34864
63575 89603
64746 80198
40239 69562
26550 57973
98544 62761
40359 2520
50560 50801
49417 30457
4681 94222
99208 90290
66419 95659
67836 42657
40225 392
32016 68024
98637 75431
19240 78564
65034 83986
58762 5273
69901 85312
79599 68445
64425 19958
87317 14985
87111 36734
45443 8144
30957 44651
98435 13728
40310 82623
56385 96887
99367 4753
64911 98004
80184 504
76569 61570
84490 35331
66844 54391
20644 62795
39188 85069
82753 26505
16407 86216
79592 61850
10713 10549
6501 25500
24277 63163
24475 97014
60050 23843
1767 41313
21847 98303
41817 98416
59873 26308
33748 43069
97051 70744
5864 36240
55813 4969
62745 72220
7538 42337
50422 18251
69238 56923
43751 9867
36438 68226
23233 96488
8421 41352
54154 30269
39655 95971
28685 15881
38631 62433
58950 35683
33177 81167
88275 5343
86136 51020
93915 93674
9710 44338
28277 95300
17613 88380
21520 70404
72959 44753
66892 81380
86106 37398
11649 42113
33370 56687
57994 88353
19120 33297
24036 68650
14464 12311
90345 16952
79684 84260
26979 5746
44950 55256
17398 78916
59989 38918
49320 32948
24 32564
30680 2482
69963 58682
44595 19685
15369 18942
8038 50841
52239 48427
19491 83055
77090 9836
7 73126
10449 43338
95224 71751
14947 12623
67019 74936
67893 16339
24236 67917
65256 71268
70399 51571
29950 31347
87608 45319
50289 95646
96161 18880
60425 32004
1935 53868
58193 18294
26994 68642
77985 22219
56745 92932
51194 23765
67868 19087
56456 8456
87005 21712
79724 73756
89635 9675
5103 77243
71346 55392
89242 67507
90624 49667
15864 8911
19887 74057
27206 46882
59051 5191
85453 15796
14475 36647
55913 82343
72086 12370
7151 75443
50434 86875
49200 40070
12902 70655
33665 84249
42400 22907
68108 33024
88927 83972
41936 8814
58029 85494
72048 17080
7037 57501
49229 21512
10500 5142
20207 98939
17512 27358
74382 84299
30585 23582
24369 43488
10590 74386
27737 52990
97294 95845
86014 86221
79818 27950
95035 54199
13444 67084
71280 36833
40937 20509
58345 67790
25651 94904
66729 59516
22262 41111
60167 52848
81046 84536
96336 91636
58922 40425
44626 72568
36270 30640
58789 32440
74943 70177
86640 4739
53613 74272
41573 94550
94781 16270
62340 36784
11175 29069
12652 49789
86533 72819
2637 67579
73707 15325
75567 48982
72102 20193
21550 24725
67185 96692
57165 58480
83221 60157
79572 36834
34429 21145
31384 45562
53767 10077
98699 64942
39146 27703
31084 42031
523 50073
9610 90582
65399 85177
55916 37501
21722 93819
78578 5260
90511 52096
63740 73732
12253 43312
10566 63035
80809 58302
24949 50929
84731 40000
32223 40230
67704 63307
82261 84579
13381 91872
91513 95132
93401 47430
48985 31476
41249 27564
36736 31760
79660 16828
21844 8265
76493 48762
71300 73654
23416 12602
24583 8148
52602 56807
48378 20306
36466 30639
21237 49847
38863 12751
44979 32265
60181 10317
80093 17782
37881 16829
65894 17541
50009 87738
42158 26502
52852 13459
16509 76268
42413 41092
768 95015
14251 49146
31674 50718
79786 69263
565 35001
82014 61897
83618 58547
72214 63711
76329 26447
96892 42223
60340 46902
46313 2498
89756 15517
32309 6265
91786 74722
63710 92554
86090 77961
58053 17764
28679 54191
87027 45597
89192 85394
7494 72811
60293 96060
52874 36623
22507 49767
95198 82847
13021 57864
85345 2777
73381 17655
25395 65167
8729 89105
74074 94819
67066 48479
28935 12098
2670 32315
57695 8214
17709 65189
81025 78002
77601 33900
30977 108
83667 42528
82955 13040
392 84652
15817 73773
18659 57564
55293 27389
46669 45719
38560 30088
94198 67496
42186 96868
99811 99881
5082 33872
81422 2460
28226 75375
52712 75556
75483 52731
18084 74790
65771 18476
59442 97940
92249 78102
55505 47542
21843 18526
93261 60403
48614 3811
44251 7152
17031 44062
23385 38466
94286 21159
40926 38865
96534 93638
14421 72017
62721 32505
46807 28492
67333 22602
26432 59582
17056 98289
23477 55251
16816 33090
15654 65430
36902 59906
88935 53933
20320 12320
8751 30959
33480 49677
69824 30014
59667 84245
18384 22388
33102 81543
67232 435
20497 93665
76369 37553
91954 16198
92804 25122
65641 24811
6905 18895
1069 95840
89180 37741
8160 97932
68700 57992
63961 54876
88007 23629
39121 22743
62369 88575
4286 29602
5362 24784
23267 98084
78689 31573
30634 87846
56696 96275
29009 63601
15170 30078
59441 20703
84171 83953
18635 69224
41946 82596
24100 46305
22577 79574
85400 84947
68149 89686
14549 89864
30822 54168
87948 9512
85741 18582
97358 58789
31210 26367
38742 62732
72797 14535
83435 56968
14841 2070
42544 56787
1019 66645
19444 23596
46219 4844
8543 30720
10882 39444
20584 41705
93612 24884
51217 95706
59819 64927
70847 91029
91294 9590
53761 80443
40477 53549
53763 55318
71971 96308
28457 72990
62953 47901
12939 25524
69097 37834
72596 96332
77279 9533
38037 87243
34417 5606
99301 94236
86885 70149
1617 94531
96091 71731
74974 36568
25280 45089
91887 97251
41397 20344
86594 20702
84598 15885
62578 70047
53719 35175
82731 47350
44708 37120
50946 79125
42726 50247
89714 45963
36748 91331
40494 32839
79414 15468
69408 4694
60558 77647
18298 18307
14343 21244
39010 15293
37129 1588
85341 7200
53115 68072
54551 97823
5193 21849
93301 64271
72096 99367
10235 8845
90698 50729
41684 86465
82550 27444
91159 59460
21443 25809
94119 35787
47053 33129
51080 534
51070 52773
7735 20537
20846 78638
18361 42391
487 28014
23014 72583
27381 33249
97780 34431
331 55817
20896 99233
83261 28408
75045 4705
54217 69164
56844 17623
18646 7924
18157 69716
60698 42244
6605 97896
20882 41318
56639 37721
69332 79653
26657 13065
29255 24437
47497 45938
80254 84745
45171 79868
13153 20216
925 83723
89380 57769
1346 8026
82045 35855
94094 59095
78100 700
73343 15334
42018 29982
53056 27703
25988 79713
40768 55243
20502 4617
1181 17109
89363 62704
96977 2516
82920 14254
86239 88652
88375 3937
13031 70420
39793 23477
45868 17893
24177 19211
33227 82548
65546 86283
26603 91534
82348 67371
46777 19203
71989 64310
36312 77704
43366 49641
80220 26286
63895 82812
31290 52270
86749 60673
39042 42894
84151 84910
60787 24680
4122 10367
7228 69668
13002 33831
77554 95351
17555 40683
30906 5896
4993 67218
83600 48359
33211 80172
90997 97106
62984 38639
65728 66086
99313 4770
8980 83464
6033 86120
8144 10155
96487 31725
96175 9489
81908 73729
21192 15815
14412 52098
21711 35757
35668 5311
468 68879
1836 7817
82337 64820
46456 48065
47258 62121
69188 72591
61937 75221
58711 70082
85376 71550
18159 97903
81039 67
87984 18584
15883 2396
87034 53946
54505 22703
75610 54973
7934 77446
79142 90272
58618 25598
38337 22229
4072 7525
94820 66009
82746 53531
36091 84474
41433 70602
98729 22472
70670 86713
57408 2905
5461 44443
73203 59966
83498 48813
31291 91432
42611 10433
81704 1230
52384 36394
23459 56456
43919 34631
22465 43018
4514 74909
43844 45947
45511 42574
84771 32533
29287 42180
51790 51101
86623 24994
11067 70121
73807 58711
61553 16419
85496 59610
34001 37880
96004 73812
10688 56275
8443 33154
99293 12957
24415 59490
58904 69926
2064 43675
2460 47703
2207 54250
98804 5182
95596 26224
91655 69404
84935 53209
2175 70431
29171 52528
24664 25175
42692 35352
81450 51135
84858 97096
80444 9273
56586 55700
79200 75002
15727 98012
22705 17935
68614 37862
23117 64211
64086 14773
49967 65373
84334 68494
52156 29857
37374 93172
55032 80066
28525 52834
47553 13383
66282 27997
39009 39220
83697 34561
14222 99424
32573 53280
33711 17539
91142 56829
98102 71580
87954 48069
36953 88640
32915 5461
18497 70289
98634 89881
66707 27159
42715 14260
56894 25350
42257 95903
64570 42306
30464 78793
41731 79389
32073 91794
13281 39567
64975 11383
11147 52929
75805 48100
57921 25072
53561 76418
11714 52195
82651 78421
95706 25367
92682 52601
67069 51291
64856 31639
93598 11673
10432 51681
7414 58857
43475 20695
98424 8451
32079 9571
77732 24236
74023 35654
49308 43937
28424 61022
96132 11076
39444 8191
52795 48478
77144 19864
99769 58352
51503 9719
70025 78288
61400 93792
53497 21228
14487 51922
29679 62918
77845 23763
87154 68221
59417 52815
12158 4194
13837 24642
15270 69633
32833 68065
18111 9977
4281 34233
68330 72136
60304 54707
50424 21705
48499 3922
59285 79339
72196 5316
42257 66393
29079 45764
34614 88497
98579 46772
92691 28768
71415 24313
98402 20600
8730 16513
46930 13011
67098 15260
85147 27403
86319 51924
65460 51171
72198 24745
30510 60746
30061 89119
27139 75492
34883 78106
80341 49814
24878 89384
78583 12645
13697 76985
33246 22427
9850 80176
51790 93301
11788 36938
20704 14459
5214 2516
65630 77412
43613 96140
38158 73674
85260 81649
65518 36495
59755 45860
86310 986
35244 64893
13631 48942
58230 63229
87721 68080
59757 39512
61381 87897
92802 98437
2357 98016
953 84339
75428 44566
80480 29938
34592 82092
11587 16463
18587 87695
62323 4897
88681 97567
86142 2312
62861 44372
81894 66935
28805 41651
6447 6538
45901 99249
21328 48258
13617 38633
32597 5397
99552 29429
51687 34144
11521 63274
66959 46461
67321 29282
67710 56002
43202 53853
74667 22415
14577 56561
89350 59734
14564 95797
82625 60465
11398 3953
25075 41367
42586 74025
46764 42138
19806 98451
92635 31328
78078 59594
94141 45399
88877 61851
17754 48431
32056 92421
70846 62986
65334 60197
39072 79898
72346 21697
56716 97
25650 98143
41464 68237
88520 88229
26727 8327
3032 19362
56007 81110
78957 50148
42862 84186
28351 60616
48969 60408
69389 19815
39746 34723
96364 78818
30973 68711
516 87689
68808 26166
2185 26624
10755 90705
14853 37483
99032 34238
73197 55039
31700 68506
5187 90914
52692 49891
51530 18013
26651 20919
37829 66397
71994 50545
61567 2968
19256 62083
7009 4416
4602 9194
31041 31709
16252 62246
69192 15284
96484 42390
86676 44537
10896 91863
35451 79941
58106 3334
14306 84757
40605 68487
51154 12600
19033 29074
15568 38289
7509 22577
59058 12111
48124 90099
60173 64376
68697 29365
79660 81534
88107 66336
26071 15356
74552 77874
11649 32658
81208 25955
33768 21814
10795 1274
50766 29828
30348 66334
84469 37858
5263 43527
49969 53387
49978 26494
17763 35028
55860 13776
16562 60319
96464 58985
92027 87368
36859 20028
36379 34420
62336 70147
72586 73131
71421 23352
2959 1770
89686 87428
39628 94949
47308 5949
64689 13638
32444 82452
48666 4656
12580 65228
81327 9045
40565 89707
12765 77425
9735 49144
28197 72071
19291 783
45202 7065
24135 64513
25187 13821
51942 81167
25122 15602
87116 89811
29240 35912
88616 94259
56920 17548
75839 54600
26593 16405
44307 39359
10182 54042
4855 38379
26114 40499
39162 87668
47564 79649
52182 72751
9822 20476
53918 34944
36078 57386
41108 81670
9651 46076
75929 82923
63624 51769
37523 6570
84526 81830
62281 94708
52225 67136
33087 94691
7635 88601
82359 71551
68250 50893
44302 78072
71369 98220
29368 23799
71959 86828
5470 81610
32904 97751
80885 12881
65872 18409
35803 50398
16591 98084
45106 85168
81572 94545
79859 5560
83146 78571
77111 67748
29464 37766
62172 17186
52338 91541
40985 24297
78369 62807
22259 27626
76911 3145
56859 42783
21554 92662
93182 54497
90746 54640
39666 88670
49186 35877
94230 48684
30800 87694
32785 76617
25460 94957
93803 77798
86498 51140
2096 81220
30300 24355
25198 7211
43852 82057
66346 81758
74719 75880
36256 81817
30521 92274
70487 96059
28151 81070
61095 75304
68764 93880
51921 94224
88838 45724
88374 91688
13216 90470
72908 59868
31178 98106
67079 75030
96515 49778
73141 71234
25658 9397
69403 56179
18023 56243
68590 62526
37313 29686
37830 22429
23566 89751
33005 12404
51827 21379
4093 81396
28202 93353
41264 75732
7812 8344
67114 4327
74474 40255
91914 132
66004 77669
56312 84027
33912 41254
62906 87577
70940 736
26358 94507
90488 59363
23263 58667
97095 43708
40063 25297
53414 81328
17381 77578
6024 84495
81905 80498
24751 90171
80630 7107
67841 53294
91135 18105
94549 54041
5683 81841
71129 32041
92700 77969
7757 15964
36637 4852
76024 93052
46501 45790
74380 63882
23368 96756
48377 5274
77254 89480
11797 74237
96588 79638
27531 4075
97744 38432
58116 19779
36626 45597
51820 29326
23567 59577
61642 60204
80781 37667
53256 27282
83457 43989
91164 6826
40745 55894
28452 34352
45374 56601
8589 58314
52592 52472
62389 66688
7257 36857
86467 43883
82455 54639
73209 6022
30569 34852
82578 11350
88871 52186
38633 72328
12527 46149
95506 53273
2043 40310
3977 47418
96912 12566
5732 49504
81390 68122
16192 88647
21331 2659
48882 3786
73650 22092
26160 4219
56944 8738
15570 62167
77277 54203
50847 89804
352 46354
43077 2396
3016 47054
66166 99928
75972 88250
65784 73715
72724 81976
62362 94056
987 11245
14194 74638
49689 40355
78857 22985
49093 10779
85152 26370
81334 35999
16175 81687
98705 75604
435 1722
39011 82953
1650 31335
71203 67435
5050 60280
65763 83765
70688 66751
11362 84882
57741 61051
25237 52950
84036 90683
63730 69188
33405 45064
21539 65932
43103 20245
41537 59890
21967 96900
59195 39969
44587 46751
23756 49638
7031 89520
49755 77719
72623 61117
62601 46716
22168 4191
16018 22556
94874 79748
8096 28279
41165 29635
94212 620
49880 52101
76863 88199
65353 36058
28169 9940
82809 68277
75930 6192
57797 25685
263 46772
86802 62865
9840 25322
67056 25859
47878 78282
21959 55974
6561 79476
85610 17125
80097 51842
69226 73312
56394 34579
25722 915
60872 8532
69192 36802
31076 43342
62488 31340
6466 49290
10557 16307
74613 93965
42166 38843
72247 80477
94818 95160
59954 96780
12286 56403
64974 97864
29715 37720
48796 55437
38635 9668
80321 24180
46470 27750
67522 8958
59090 90340
74601 69647
6647 65566
63612 65165
4409 52211
45643 15579
47371 5597
28711 76009
78352 93686
73874 8067
47758 22670
79856 86394
32338 76530
10574 95160
4280 94448
4119 63370
1140 95072
49369 7788
60638 29333
89305 81399
81544 51300
96979 28915
73249 42042
21277 51601
52080 95151
76020 99839
34173 55877
86233 82863
32407 13159
78023 36687
23959 98494
16409 25099
93566 65778
49239 70556
95111 54897
51956 76655
6197 65287
21922 79447
7329 59551
31048 75762
54702 7069
75601 5227
79298 78186
88090 11705
91345 82466
64744 31656
80960 81153
56755 90879
63283 22347
61435 58394
77244 29743
51401 83441
11382 89675
62888 35064
49227 10289
10826 20281
33710 86427
25509 29360
64613 29951
57417 72310
12417 22161
3966 93378
19666 77073
609 82949
99420 78396
57695 76664
8140 9096
60106 35874
15123 39346
70938 80702
65987 81764
984 16049
68191 42845
45409 49156
72796 2826
21466 85214
41339 41784
94944 61005
18858 95553
60306 18278
73949 18001
94943 98441
43449 71401
50668 58573
10747 21606
39275 93087
3371 56611
9136 87914
99456 54546
53423 72253
73724 74889
57467 15064
16674 68763
92421 51884
80668 52728
70162 70969
87081 81457
69411 30531
52858 36431
5456 79958
58037 61083
89397 77760
17695 98533
65675 33503
69431 19098
5756 59508
10339 79575
74572 43365
64690 83345
95249 45358
52425 81764
16328 39507
79573 2091
86390 32432
38522 8198
28742 96559
69281 18139
74320 3328
33024 56347
36832 2456
91797 58940
61964 18488
54868 52888
61854 19558
52585 73455
64917 5011
55219 81245
60870 34793
83336 47260
83577 21858
55458 28671
34769 41091
46810 25441
60772 96186
81788 97604
98642 89937
72896 76958
8426 27764
46198 70280
63675 98784
60087 28592
3795 15307
26189 64665
66452 25877
28277 66381
64087 87
95052 98856
41178 58214
24298 1950
54400 22438
15906 69395
12376 5155
46353 37154
49271 92552
7434 12946
7688 67521
57890 11483
99180 84079
92500 81984
26308 37129
48365 90395
37216 59769
5604 94746
17983 46254
13049 88736
68692 45307
58131 97420
50462 20836
34574 16086
29740 58360
29032 37428
42234 3275
65263 57766
3706 57763
39751 30015
94892 4468
20410 48460
64238 42366
59559 82221
88620 72608
87309 57313
34267 45440
54733 84730
82629 5660
816 12369
64020 46200
66150 22606
49475 31413
80373 53182
5529 20124
99549 16773
24592 19959
65234 5182
62326 41145
3756 50946
13753 91065
24611 64372
52858 95697
49102 35487
1357 66270
64208 81729
28823 30358
4336 94650
78124 1061
47832 83653
21185 47381
426 62129
83693 82012
67312 62371
23157 71068
29669 53262
78485 70633
17635 31343
66330 83089
83182 84039
65712 47391
82120 10887
94101 2808
5537 88577
3869 69722
72230 41406
33455 89009
3536 17148
87373 87200
95871 10531
74620 41893
80145 53105
12526 14132
801 78856
13574 83983
79247 79286
47726 61367
6525 58180
80528 12062
46757 84397
81784 18988
25804 15240
24349 45692
48740 11722
49244 44612
38605 40216
86505 35103
9673 15383
49235 10474
94239 62809
10810 89838
58447 58536
67557 64972
16716 48085
93387 79826
32483 91523
15166 74639
6763 39515
36683 71856
67589 85927
32820 6195
26143 19325
41298 35816
51060 6885
46291 45299
86047 73453
51489 60846
31989 19046
42171 65058
83484 35558
44884 32319
27081 60050
6958 50197
15917 43641
22053 83506
45920 54873
89701 72063
90550 47351
24231 41610
54237 70522
3261 56636
60327 54750
17482 92317
90148 59653
73727 73632
95211 34963
5951 38645
11365 29261
88842 27282
89254 10895
10788 35174
65768 16842
23589 72670
64193 47821
14280 34782
18343 17541
7770 95023
88643 25253
3692 78791
1258 77419
68776 96470
12382 74727
51467 40099
20341 40309
67381 9595
51204 78169
61122 33324
11363 84711
22346 91909
32532 36626
43043 67228
70519 50814
62251 59162
92419 65943
37953 93677
59714 23081
6499 88448
14161 57966
28547 34502
98275 95928
60449 65831
90449 21571
15507 18165
6283 37853
10074 55167
74479 53117
22395 44998
3931 84646
20512 96350
66941 74818
6380 26655
97899 12879
15103 12060
70846 43650
46562 69121
55930 23364
51305 46380
44935 83164
64545 67570
21018 90971
22738 11849
44088 61485
73200 64372
46132 93712
77074 29425
68530 83454
56081 66430
96334 71184
94842 67180
31187 41405
52653 87117
64769 20310
49849 26056
3475 30746
9979 24493
21717 32717
52694 82158
94202 25894
62882 56686
35959 39956
86112 20841
23411 42193
3623 36097
29729 98466
19629 77268
56223 88634
80738 37344
8945 30587
63400 28772
77686 73379
69617 15755
22448 22311
14265 33003
64558 77147
89689 517
17104 92153
37710 56867
50698 41334
9316 96780
39800 28945
74048 12375
17579 54786
49719 42876
1726 13119
71648 95764
2851 41265
11519 41651
79929 25785
74654 44487
19284 80696
61356 36388
72849 99066
9607 39900
40400 18923
36680 96552
64220 27080
8927 81800
81867 58646
41028 99945
88118 12677
95709 7321
70294 23580
48972 50223
65717 39979
94710 85002
20675 72418
37742 9876
71485 47350
49776 28237
82625 2808
24790 46846
29889 33717
44998 28108
8716 2378
44405 13186
15055 40114
20507 1702
80046 69479
51925 45764
25810 62988
30766 46485
35406 84860
72714 23243
48562 38842
51481 47540
41651 92623
10738 87892
42692 55736
32352 51408
74466 76757
64594 5874
33223 85101
7576 29621
70933 75853
75385 13095
55193 22503
59581 6952
7364 48647
30195 72278
87489 81676
19818 45492
90651 30556
49736 33344
2644 82088
84752 77111
75197 65699
82985 24772
67152 90561
54394 54437
82766 29779
67533 37960
68635 27114
44912 92351
92113 75107
64629 79602
73136 84448
25095 63787
31356 74831
97131 34001
73272 98236
11112 48469
63935 10449
89594 31087
1010 43988
1877 128
90119 69410
38088 58754
12876 83000
67457 4989
74460 48439
84591 47596
49239 26038
27735 80595
17222 41219
14596 90494
39455 42060
55315 19742
52509 44909
67181 69871
5249 69058
70000 95369
38468 24440
70475 51344
7441 37933
56333 81901
86372 57277
45849 35611
99667 73584
32558 16889
31155 63507
23735 70610
5567 95403
6704 74429
40312 73886
44300 61914
59296 30652
57283 97765
55093 44110
65461 78886
98395 38147
60787 1119
95424 22988
53082 95091
12924 85641
28333 44080
49148 52068
31042 71067
47471 37747
45496 4136
27985 6149
66050 87281
36801 39685
1398 8246
147 66860
87132 98543
21359 64271
16014 16783
87259 69097
28226 184
71090 72911
60616 20238
24980 91658
91305 88803
45757 53154
9291 90094
59303 91693
93728 12456
47730 95126
20703 47878
78338 7835
62773 99697
88459 78787
32832 75718
64236 77411
92254 35326
50322 69222
71916 91654
77233 79574
80458 39342
32728 89749
29437 92031
81443 23165
20839 29173
34643 41542
93403 12982
65730 56176
12679 54189
51316 45512
46259 15552
22923 54866
50879 89597
40440 22795
81252 17673
18721 61710
57016 51449
67811 2805
59832 65606
42322 80672
11132 76965
38566 4535
89947 4296
77064 18979
74837 28380
80843 37449
60284 20118
8667 11163
9715 49107
50311 90967
66781 69032
69029 40149
36834 36841
59306 96666
18799 1628
93690 29931
78593 32257
50819 68541
52905 27883
3872 44095
72615 84715
81544 32899
4833 6563
60415 14548
55670 27078
21868 38803
96110 90897
95304 49296
44090 54610
45963 62890
56238 39653
9173 34832
88262 59992
19725 41168
4227 23597
1615 76842
8312 99511
26094 29497
6074 86509
60397 61744
13587 82265
16900 26049
89515 12204
75346 49957
66815 37661
29199 23053
93666 38373
57885 81929
98365 77610
39449 18945
17559 57416
95787 25871
56927 38233
71720 63001
24742 32118
41097 54681
30735 57997
80731 20250
70202 72429
86560 37017
10090 15759
60070 20108
54132 34308
2037 68850
28270 57838
87795 45830
15254 99934
88053 72181
38168 59774
51534 79262
8244 92632
33944 38979
50629 31027
75582 20831
19808 62142
74200 46250
77901 50623
66358 48386
84931 84748
33588 13201
42586 21383
75383 74193
37669 63437
62726 92189
23211 14261
87804 47807
6893 21748
86786 73874
69127 62368
11058 5287
40862 85258
51537 35116
35881 17895
99854 37164
2643 33442
66718 61582
54825 42101
52127 8846
5538 14853
1036 45101
45466 88840
92908 68711
26940 96047
42586 12419
74767 53644
17706 15630
55254 85595
67098 7488
19842 66952
44652 38838
394 11370
420 71571
69824 68899
80417 91714
104 97805
36816 45571
2997 46076
30634 46289
42123 73220
75060 33243
43216 9118
65225 98471
94713 32323
22311 14556
15627 66963
53394 16021
94686 70166
3944 64510
55417 713
56224 55521
98519 9392
17444 17868
55469 48079
80510 13944
21299 55570
47187 80868
64689 12412
95691 59402
61087 18002
90310 76714
84965 60056
9087 96003
30222 13031
76865 85639
13745 33090
57513 28616
58834 74957
62836 30655
23036 43346
44600 60688
98917 8139
41556 79958
36904 37247
39360 97991
71601 46023
91058 56566
6079 145
68922 52654
13177 45787
54645 43274
78877 12158
88242 54064
87116 51078
84719 26504
10777 45671
3544 9694
53811 45100
89652 90715
98699 45364
5058 70300
7739 96116
43219 13819
12614 12141
66473 25791
74280 37470
85417 69510
49629 90011
23574 53097
41089 8293
95953 51866
53965 99498
77912 7776
60950 83916
14843 59650
45633 36253
46302 53372
48722 5873
67191 61336
34366 50016
3479 8647
87487 88896
78157 53468
78907 1731
22917 36348
10024 18870
4567 80341
18368 98831
4469 79319
82748 35664
55321 44733
71918 17975
98105 20640
23849 81649
98328 58215
31665 1807
83214 35504
7055 61371
5324 2314
79454 44593
55014 5831
63464 75933
86172 98184
74765 90642
93855 73865
26306 65528
18598 14576
83504 16703
51568 7353
98352 49896
81920 46370
68055 65135
98226 91462
42858 19903
93776 22313
64496 65143
28144 27960
41076 14316
42497 15841
21310 36352
6058 47617
18233 24656
78545 1737
57712 30114
9090 72416
96362 7362
18786 64418
88849 33365
55880 31708
53268 66009
54021 34116
31152 82165
78429 88580
12833 20926
20774 34144
73630 26832
98113 91863
67841 76658
93600 25553
6772 19042
97969 19487
42757 33108
83905 31606
82825 56137
63314 52445
22146 17335
86561 69650
15852 64990
74583 28686
85916 95357
79182 75899
38541 77295
67762 6382
53953 77715
31935 77078
13109 46257
96565 55866
95717 96822
3825 78542
52959 67139
30987 91458
827 33900
77460 16679
98891 52043
61717 1159
47400 40899
77058 85942
18194 61173
8676 88500
55240 56964
65578 68349
3221 78495
40568 15290
75317 60745
93832 28276
27884 41171
19734 45063
75071 97195
78095 90314
65590 39812
91474 29343
97064 68532
31637 31610
46057 40313
20110 1297
97277 2040
85999 16850
80535 42919
32140 55852
3664 25972
84129 47900
83495 20215
92964 74919
33762 71059
65233 15705
27223 56707
45048 40639
41592 76685
72250 4001
16998 92360
21651 30628
94401 24002
47478 91288
66921 79619
47141 86937
21943 47622
51189 5439
84189 44153
96710 34304
31564 61943
50009 75140
35003 95057
15779 92947
88094 4381
13300 21444
96742 34951
52072 7495
58953 15903
98783 42226
95522 62276
45515 17465
9898 96705
39256 10440
57210 35966
44744 5127
14262 94753
96619 65617
6162 12398
58564 10608
16780 71864
32052 29874
23168 477
53721 82121
16380 68856
40700 11902
31133 86215
45719 57383
99272 84976
67823 56483
37294 28919
61610 67908
23672 58229
33525 46186
86979 92089
56794 20111
80306 5199
